bin/Debug/DLS/DLS/Input/sc1gr2.grid
ncols         109
nrows         140
xllcorner     1129355.625
yllcorner     4033173
cellsize      1000
NODATA_value  -9999
[rows 39 to 77 of 140, columns 0 to 87 of 109]
-9999 -9999 -9999 -9999 -9999 -9999 -9999 -9999 -9999 -9999 -9999 513 513 -9999 -9999 -9999 -9999 -9999 -9999 515 515 513 514 514 514 514 515 515 515 515 515 516 516 516 516 516 516 516 516 516 516 516 516 516 516 516 516 516 516 516 516 516 516 516 516 516 515 515 515 515 515 515 515 514 514 514 514 514 514 512 512 512 512 512 512 512 512 512 512 512 512 512 512 512 512 512 512 512
-9999 -9999 -9999 -9999 -9999 -9999 -9999 -9999 -9999 -9999 -9999 -9999 -9999 -9999 -9999 -9999 -9999 -9999 -9999 -9999 513 513 514 514 514 514 515 515 515 515 516 516 516 516 516 516 516 516 516 517 517 517 517 517 517 517 516 516 516 516 516 516 516 516 516 516 516 515 515 515 515 515 515 514 514 514 514 514 514 513 513 512 512 512 512 512 512 512 512 512 512 512 512 512 512 512 512 512
-9999 -9999 -9999 -9999 -9999 -9999 -9999 -9999 -9999 -9999 -9999 -9999 -9999 -9999 -9999 -9999 -9999 -9999 -9999 -9999 -9999 513 513 514 514 514 515 515 515 515 516 516 516 516 516 516 516 517 517 517 517 517 517 517 517 517 517 517 516 516 516 516 516 516 516 516 516 515 515 515 515 515 515 514 514 514 514 514 513 513 513 513 512 512 512 512 512 512 512 512 512 512 512 512 512 512 512 512
-9999 -9999 -9999 -9999 -9999 -9999 -9999 -9999 -9999 -9999 -9999 -9999 -9999 -9999 -9999 -9999 -9999 -9999 -9999 -9999 -9999 513 513 514 514 514 515 515 515 515 516 516 516 516 516 516 517 517 517 517 517 517 517 517 517 517 517 517 517 516 516 516 516 516 516 516 516 515 515 515 515 515 515 514 514 514 514 514 513 513 513 513 513 512 512 512 512 512 512 511 513 512 513 513 512 512 512 512
-9999 -9999 -9999 -9999 -9999 -9999 -9999 -9999 -9999 -9999 -9999 -9999 -9999 -9999 -9999 -9999 -9999 -9999 -9999 -9999 -9999 -9999 513 514 514 514 515 515 515 516 516 516 516 516 516 517 517 517 517 517 517 517 517 517 517 517 517 517 517 517 516 516 516 516 516 516 516 515 515 515 515 515 515 514 514 514 514 514 513 513 513 513 513 512 512 512 512 512 511 511 513 513 513 513 512 513 513 512
-9999 -9999 -9999 -9999 -9999 -9999 -9999 -9999 -9999 -9999 -9999 -9999 -9999 -9999 -9999 -9999 -9999 -9999 -9999 -9999 -9999 -9999 513 514 514 514 515 515 515 516 516 516 516 516 517 517 517 517 517 517 517 517 517 517 517 517 517 517 517 517 517 516 516 516 516 516 516 516 515 515 515 515 515 514 514 514 514 513 513 513 513 513 512 512 512 512 512 511 511 511 513 513 513 512 513 512 512 512
-9999 -9999 -9999 -9999 -9999 -9999 -9999 -9999 -9999 -9999 -9999 -9999 -9999 -9999 -9999 -9999 -9999 -9999 -9999 -9999 -9999 513 513 514 514 514 515 515 515 516 516 516 516 517 517 517 517 517 517 517 517 517 517 517 517 517 517 517 517 517 517 517 516 516 516 516 516 516 515 515 515 515 515 514 514 514 514 513 513 513 513 513 512 512 512 512 511 511 511 511 513 513 513 512 512 512 512 512
-9999 -9999 -9999 -9999 -9999 -9999 -9999 -9999 -9999 -9999 -9999 -9999 -9999 -9999 -9999 -9999 -9999 -9999 -9999 -9999 -9999 513 513 514 514 515 515 515 516 516 516 516 517 517 517 517 517 517 517 517 517 517 517 517 517 517 517 517 517 517 517 517 517 516 516 516 516 516 515 515 515 515 515 514 514 514 514 513 513 513 513 512 512 512 512 512 511 511 511 511 512 512 512 512 512 512 512 512
-9999 -9999 -9999 -9999 -9999 -9999 -9999 -9999 -9999 -9999 -9999 -9999 -9999 -9999 -9999 -9999 -9999 -9999 -9999 -9999 -9999 513 513 514 514 515 515 515 516 516 516 516 517 517 517 517 517 517 517 518 518 518 518 518 517 517 517 517 517 517 517 517 517 516 516 516 516 516 515 515 515 515 515 514 514 514 514 513 513 513 513 512 512 512 512 511 511 512 512 512 512 512 512 512 512 512 512 512
-9999 -9999 -9999 -9999 -9999 -9999 -9999 -9999 -9999 -9999 -9999 -9999 -9999 -9999 -9999 -9999 -9999 -9999 -9999 -9999 -9999 513 513 514 514 515 515 515 516 516 516 517 517 517 517 517 517 518 518 518 518 518 518 518 518 518 518 517 517 517 517 517 517 517 516 516 516 516 515 515 515 515 515 514 514 514 513 513 513 513 512 512 512 512 511 511 511 511 511 512 512 512 512 512 512 512 512 512
-9999 -9999 -9999 -9999 -9999 -9999 -9999 -9999 -9999 -9999 -9999 -9999 -9999 -9999 -9999 -9999 -9999 -9999 -9999 -9999 -9999 -9999 513 514 514 515 515 516 516 516 517 517 517 517 517 518 518 518 518 518 518 518 518 518 518 518 518 518 517 517 517 517 517 517 516 516 516 516 516 515 515 515 514 514 514 514 513 513 513 513 512 512 512 512 511 511 511 511 510 512 512 512 512 512 512 512 512 512
-9999 -9999 -9999 -9999 -9999 -9999 -9999 -9999 -9999 -9999 -9999 -9999 -9999 -9999 -9999 -9999 -9999 -9999 -9999 -9999 -9999 -9999 513 514 514 515 515 516 516 516 517 517 517 517 518 518 518 518 518 518 518 518 518 518 518 518 518 518 518 517 517 517 517 517 517 516 516 516 516 515 515 515 514 514 514 514 513 513 513 512 512 512 512 511 511 511 511 510 512 512 512 512 512 512 512 512 512 512
-9999 -9999 -9999 -9999 -9999 -9999 -9999 -9999 -9999 -9999 -9999 -9999 -9999 -9999 -9999 -9999 -9999 -9999 -9999 -9999 -9999 513 513 514 514 515 515 516 516 517 517 517 517 518 518 518 518 518 518 518 518 518 518 518 518 518 518 518 518 518 517 517 517 517 517 516 516 516 516 515 515 515 514 514 514 514 513 513 513 512 512 512 511 511 511 511 510 510 512 512 512 512 512 512 512 512 512 512
-9999 -9999 -9999 -9999 -9999 -9999 -9999 -9999 -9999 -9999 -9999 -9999 -9999 -9999 -9999 -9999 -9999 -9999 -9999 -9999 -9999 513 513 514 515 515 516 516 516 517 517 517 518 518 518 518 518 518 518 518 518 518 518 518 518 518 518 518 518 518 518 517 517 517 517 516 516 516 516 515 515 515 514 514 514 513 513 513 512 512 512 512 511 511 511 510 510 510 512 512 512 512 512 512 512 512 512 512
-9999 -9999 -9999 -9999 -9999 -9999 -9999 -9999 -9999 -9999 -9999 -9999 -9999 -9999 -9999 -9999 -9999 -9999 -9999 511 512 513 513 514 515 515 516 516 517 517 517 518 518 518 518 518 518 519 519 519 519 519 519 519 518 518 518 518 518 518 518 517 517 517 517 516 516 516 516 515 515 515 514 514 514 513 513 513 512 512 512 511 511 511 511 510 510 512 512 512 512 512 512 512 512 512 512 512
-9999 -9999 -9999 -9999 -9999 -9999 -9999 -9999 -9999 -9999 -9999 -9999 -9999 -9999 -9999 -9999 -9999 -9999 -9999 511 512 513 514 514 515 515 516 516 517 517 517 518 518 518 518 518 519 519 519 519 519 519 519 519 519 519 518 518 518 518 518 518 517 517 517 517 516 516 516 515 515 515 514 514 514 513 513 513 512 512 511 511 511 511 510 512 512 512 512 512 512 512 512 -9999 -9999 -9999 512 512
-9999 -9999 -9999 -9999 -9999 -9999 -9999 -9999 -9999 -9999 -9999 -9999 -9999 -9999 -9999 -9999 -9999 -9999 -9999 -9999 512 513 514 514 515 515 516 516 517 517 518 518 518 518 519 519 519 519 519 519 519 519 519 519 519 519 519 518 518 518 518 518 517 517 517 517 516 516 516 515 515 515 514 514 513 513 513 512 512 512 511 511 511 510 510 512 512 512 512 512 512 512 512 -9999 -9999 -9999 -9999 512
-9999 -9999 -9999 -9999 -9999 -9999 -9999 -9999 -9999 -9999 -9999 -9999 -9999 -9999 -9999 -9999 -9999 -9999 -9999 511 512 513 514 514 515 516 516 517 517 517 518 518 518 519 519 519 519 519 519 519 519 519 519 519 519 519 519 519 518 518 518 518 517 517 517 517 516 516 516 515 515 514 514 514 513 513 513 512 512 511 511 511 510 510 510 512 512 512 512 512 512 512 -9999 -9999 -9999 -9999 -9999 -9999
-9999 -9999 -9999 -9999 -9999 -9999 -9999 -9999 -9999 -9999 -9999 -9999 -9999 -9999 -9999 -9999 -9999 -9999 -9999 511 512 513 514 515 515 516 516 517 517 518 518 518 518 519 519 519 519 519 519 519 519 519 519 519 519 519 519 519 519 518 518 518 518 517 517 517 516 516 516 515 515 514 514 514 513 513 512 512 512 511 511 510 510 510 509 512 512 512 512 512 512 512 -9999 -9999 -9999 -9999 -9999 -9999
-9999 -9999 -9999 -9999 -9999 -9999 -9999 -9999 -9999 -9999 -9999 -9999 -9999 -9999 -9999 -9999 -9999 -9999 511 512 512 513 514 515 515 516 517 517 517 518 518 518 519 519 519 519 519 519 519 519 519 519 519 519 519 519 519 519 519 518 518 518 518 517 517 517 516 516 515 515 515 514 514 513 513 513 512 512 511 511 511 510 510 509 509 509 512 512 512 512 512 512 -9999 -9999 -9999 -9999 -9999 -9999
-9999 -9999 -9999 -9999 -9999 -9999 -9999 -9999 -9999 -9999 -9999 -9999 -9999 -9999 -9999 -9999 -9999 -9999 511 512 513 514 514 515 516 516 517 517 518 518 518 519 519 519 519 519 519 520 520 520 520 520 520 519 519 519 519 519 519 519 518 518 518 517 517 517 516 516 515 515 515 514 514 513 513 512 512 511 511 511 510 510 509 509 509 508 508 512 512 512 512 -9999 -9999 -9999 -9999 -9999 -9999 -9999
-9999 -9999 -9999 -9999 -9999 -9999 -9999 -9999 -9999 -9999 -9999 -9999 -9999 -9999 -9999 -9999 -9999 -9999 511 512 513 514 515 515 516 516 517 517 518 518 518 519 519 519 519 519 520 520 520 520 520 520 520 520 520 519 519 519 519 519 518 518 518 517 517 517 516 516 515 515 514 514 513 513 513 512 512 511 511 510 510 510 509 509 508 508 508 512 512 512 -9999 -9999 -9999 -9999 -9999 -9999 -9999 -9999
-9999 -9999 -9999 -9999 -9999 -9999 -9999 -9999 -9999 -9999 -9999 -9999 -9999 -9999 -9999 -9999 511 510 511 512 513 514 515 515 516 517 517 518 518 518 519 519 519 519 519 520 520 520 520 520 520 520 520 520 520 519 519 519 519 519 518 518 518 517 517 517 516 516 515 515 514 514 513 513 512 512 511 511 510 510 510 509 509 508 508 508 512 512 512 512 -9999 -9999 -9999 -9999 -9999 -9999 -9999 -9999
-9999 -9999 -9999 -9999 -9999 -9999 -9999 -9999 -9999 503 504 505 506 508 509 510 511 511 512 513 514 514 515 516 516 517 517 518 518 518 519 519 519 519 519 520 520 520 520 520 520 520 520 520 520 520 519 519 519 519 518 518 518 517 517 516 516 516 515 515 514 514 513 513 512 512 511 511 510 510 509 509 508 508 508 507 512 512 512 -9999 -9999 -9999 -9999 -9999 -9999 -9999 -9999 -9999
-9999 -9999 -9999 -9999 -9999 -9999 -9999 -9999 503 504 505 506 507 508 509 511 512 511 512 513 514 515 515 516 517 517 517 518 518 518 519 519 519 519 520 520 520 520 520 520 520 520 520 520 520 520 519 519 519 519 518 518 518 517 517 516 516 515 515 514 514 513 513 512 512 511 511 510 510 509 509 508 508 508 507 507 512 512 -9999 -9999 -9999 -9999 -9999 -9999 -9999 -9999 -9999 -9999
-9999 -9999 -9999 -9999 -9999 -9999 -9999 -9999 504 505 506 507 508 509 510 511 512 512 513 514 514 515 516 516 517 517 518 518 518 519 519 519 519 519 520 520 520 520 520 520 520 520 520 520 520 520 519 519 519 519 518 518 518 517 517 516 516 515 515 514 514 513 512 512 511 511 510 510 509 509 508 508 507 507 507 506 512 512 -9999 -9999 -9999 -9999 -9999 -9999 -9999 -9999 -9999 -9999
-9999 -9999 -9999 -9999 -9999 -9999 -9999 504 505 506 507 508 509 510 511 512 513 512 513 514 515 515 516 517 517 517 518 518 518 519 519 519 519 519 520 520 520 520 520 520 520 520 520 520 520 520 519 519 519 519 518 518 517 517 517 516 516 515 514 514 513 513 512 512 511 510 510 509 509 508 508 507 507 507 506 506 512 512 -9999 -9999 -9999 -9999 -9999 -9999 -9999 -9999 -9999 -9999
-9999 -9999 -9999 -9999 -9999 -9999 -9999 505 506 507 508 509 510 511 512 513 514 513 514 515 515 516 516 517 517 518 518 518 519 519 519 519 519 519 520 520 520 520 520 520 520 520 520 520 520 520 519 519 519 519 518 518 517 517 516 516 515 515 514 514 513 512 512 511 511 510 509 509 508 508 507 507 506 506 506 512 512 512 -9999 -9999 -9999 -9999 -9999 -9999 -9999 -9999 -9999 -9999
-9999 -9999 -9999 -9999 -9999 -9999 -9999 507 507 508 509 510 511 512 513 514 515 514 515 515 516 516 517 517 518 518 518 518 519 519 519 519 519 519 520 520 520 520 520 520 520 520 520 520 520 519 519 519 519 518 518 518 517 517 516 516 515 514 514 513 513 512 511 511 510 509 509 508 508 507 507 506 506 505 505 512 512 -9999 -9999 -9999 -9999 -9999 -9999 -9999 -9999 -9999 -9999 -9999
-9999 -9999 -9999 -9999 -9999 -9999 -9999 508 509 510 511 511 512 513 514 515 515 515 515 516 516 517 517 518 518 518 518 519 519 519 519 519 519 519 519 520 520 520 520 520 520 520 520 520 519 519 519 519 519 518 518 517 517 516 516 515 515 514 514 513 512 512 511 510 510 509 508 508 507 507 506 506 505 505 504 512 512 512 -9999 -9999 -9999 -9999 -9999 -9999 -9999 -9999 -9999 -9999
-9999 -9999 -9999 -9999 -9999 -9999 -9999 510 511 511 512 513 514 515 515 516 516 516 516 517 517 517 518 518 518 519 519 519 519 519 519 519 519 519 519 520 520 520 520 520 520 520 520 519 519 519 519 519 518 518 518 517 517 516 516 515 514 514 513 512 512 511 510 510 509 508 508 507 507 506 505 505 505 504 504 512 512 512 -9999 -9999 -9999 -9999 -9999 -9999 -9999 -9999 -9999 -9999
-9999 -9999 -9999 -9999 -9999 -9999 512 512 513 513 514 515 515 516 516 517 517 517 517 517 518 518 518 519 519 519 519 519 519 519 519 519 519 519 519 519 519 520 520 520 520 519 519 519 519 519 519 518 518 518 517 517 516 516 515 515 514 513 513 512 511 511 510 509 508 508 507 506 506 505 505 504 504 503 503 512 512 512 -9999 -9999 -9999 -9999 -9999 -9999 -9999 -9999 -9999 -9999
-9999 -9999 -9999 -9999 -9999 514 514 515 515 515 516 516 516 517 518 518 519 519 518 518 519 519 519 519 519 519 519 519 519 519 519 519 519 519 519 519 519 519 519 519 519 519 519 519 519 519 519 518 518 518 517 517 516 516 515 514 514 513 512 511 511 510 509 508 508 507 506 506 505 505 504 504 503 503 502 502 512 -9999 -9999 -9999 -9999 -9999 -9999 -9999 -9999 -9999 -9999 -9999
-9999 -9999 -9999 -9999 -9999 517 517 517 517 518 518 518 518 519 519 519 520 520 519 519 519 519 519 520 520 520 520 519 519 519 519 519 519 519 519 519 519 519 519 519 519 519 519 519 519 519 518 518 518 517 517 516 516 515 514 514 513 512 512 511 510 509 509 508 507 506 506 505 504 504 503 503 502 502 502 501 512 512 512 -9999 -9999 -9999 -9999 -9999 -9999 -9999 -9999 -9999
-9999 -9999 -9999 -9999 -9999 -9999 519 519 520 520 519 520 520 520 521 521 521 521 520 520 520 520 520 520 520 520 520 520 520 520 520 519 519 519 519 519 519 519 519 519 519 519 519 519 518 518 518 518 517 517 516 516 515 515 514 513 513 512 511 510 509 509 508 507 506 506 505 504 504 503 502 502 502 501 501 500 512 512 512 -9999 -9999 -9999 -9999 -9999 -9999 -9999 -9999 -9999
-9999 -9999 -9999 -9999 -9999 -9999 -9999 -9999 -9999 -9999 522 522 522 522 522 522 522 523 521 521 521 521 521 521 520 520 520 520 520 520 520 520 519 519 519 519 519 519 519 519 519 519 519 518 518 518 518 517 517 516 516 515 515 514 513 513 512 511 510 510 509 508 507 506 505 505 504 503 503 502 502 501 501 500 500 500 499 512 512 512 -9999 -9999 -9999 -9999 -9999 -9999 -9999 -9999
-9999 -9999 -9999 -9999 -9999 -9999 -9999 -9999 -9999 524 524 524 524 524 524 524 524 524 524 522 522 522 521 521 521 521 521 520 520 520 520 520 520 519 519 519 519 519 519 519 519 519 518 518 518 518 517 517 516 516 515 515 514 514 513 512 511 510 510 509 508 507 506 505 505 504 503 502 502 501 501 500 500 499 499 499 498 512 512 512 -9999 -9999 -9999 -9999 -9999 -9999 -9999 -9999
-9999 -9999 -9999 -9999 -9999 -9999 -9999 -9999 526 526 526 526 526 526 526 526 525 525 525 523 523 522 522 522 522 521 521 521 520 520 520 520 520 519 519 519 519 519 519 519 518 518 518 518 518 517 517 516 516 516 515 514 514 513 512 511 511 510 509 508 507 506 505 505 504 503 502 502 501 500 500 499 499 498 498 498 498 512 512 512 -9999 -9999 -9999 -9999 -9999 -9999 -9999 -9999
-9999 -9999 -9999 -9999 -9999 -9999 -9999 -9999 529 529 529 528 528 528 527 527 527 527 526 524 524 523 523 523 522 522 521 521 521 521 520 520 520 520 519 519 519 519 519 518 518 518 518 518 517 517 517 516 516 515 514 514 513 512 512 511 510 509 508 507 506 505 504 504 503 502 501 501 500 499 499 498 498 498 497 497 497 512 512 512 -9999 -9999 -9999 -9999 -9999 -9999 -9999 -9999
