bin/Debug/DLS/DLS/Input/sc1gr3.grid
ncols         109
nrows         140
xllcorner     1129355.625
yllcorner     4033173
cellsize      1000
NODATA_value  -9999
[rows 0 to 35 of 140, columns 0 to 81 of 109]
-9999 -9999 -9999 -9999 -9999 -9999 -9999 -9999 -9999 -9999 -9999 -9999 -9999 -9999 -9999 -9999 -9999 -9999 -9999 -9999 -9999 -9999 -9999 -9999 -9999 -9999 -9999 -9999 -9999 -9999 -9999 -9999 -9999 -9999 -9999 -9999 -9999 -9999 -9999 -9999 -9999 -9999 -9999 -9999 -9999 -9999 -9999 -9999 -9999 -9999 -9999 -9999 -9999 -9999 2150 2150 2150 2150 2150 2150 -9999 -9999 2150 -9999 -9999 -9999 -9999 -9999 -9999 -9999 -9999 -9999 -9999 -9999 -9999 -9999 -9999 -9999 -9999 -9999 -9999 -9999
-9999 -9999 -9999 -9999 -9999 -9999 -9999 -9999 -9999 -9999 -9999 -9999 -9999 -9999 -9999 -9999 -9999 -9999 -9999 -9999 -9999 -9999 -9999 -9999 -9999 -9999 -9999 -9999 -9999 -9999 -9999 -9999 -9999 -9999 -9999 -9999 -9999 -9999 -9999 -9999 -9999 -9999 -9999 -9999 -9999 -9999 -9999 -9999 -9999 -9999 -9999 -9999 -9999 2150 2150 2150 2150 2150 2150 2150 2150 2150 2150 2150 -9999 -9999 -9999 -9999 -9999 -9999 -9999 -9999 -9999 -9999 -9999 -9999 -9999 -9999 -9999 -9999 -9999 -9999
-9999 -9999 -9999 -9999 -9999 -9999 -9999 -9999 -9999 -9999 -9999 -9999 -9999 -9999 -9999 -9999 -9999 -9999 -9999 -9999 -9999 -9999 -9999 -9999 -9999 -9999 -9999 -9999 -9999 -9999 -9999 -9999 -9999 -9999 -9999 -9999 -9999 -9999 -9999 -9999 -9999 -9999 -9999 2150 2150 2150 2150 -9999 -9999 2150 -9999 2150 2150 2150 2150 2150 2150 2150 2150 2150 2150 2150 2150 2150 2150 -9999 -9999 -9999 -9999 -9999 -9999 -9999 -9999 -9999 -9999 -9999 -9999 -9999 -9999 -9999 -9999 -9999
-9999 -9999 -9999 -9999 -9999 -9999 -9999 -9999 -9999 -9999 -9999 -9999 -9999 -9999 -9999 -9999 -9999 -9999 -9999 -9999 -9999 -9999 -9999 -9999 -9999 -9999 -9999 -9999 -9999 -9999 2150 2150 2150 2150 2150 2150 -9999 -9999 -9999 -9999 -9999 2150 2150 2150 2150 2150 2150 2150 2150 2150 2150 2150 2150 2150 2150 2150 2150 2150 2150 2150 2150 2150 2150 2150 2150 2150 2150 -9999 -9999 -9999 -9999 -9999 -9999 -9999 -9999 -9999 -9999 -9999 -9999 -9999 -9999 -9999
2150 2150 2150 2150 2150 2150 2150 2150 2150 2150 2150 2150 2150 2150 2150 2150 2150 2150 2150 2150 2150 -9999 -9999 2150 -9999 2150 -9999 2150 2150 -9999 2150 2150 2150 2150 2150 2150 2150 2150 2150 2150 2150 2150 2150 2150 2150 2150 2150 2150 2150 2150 2150 2150 2150 2150 2150 2150 2150 2150 2150 2150 2150 2150 2150 2150 2150 2150 2150 2150 2150 -9999 -9999 -9999 -9999 -9999 -9999 -9999 -9999 -9999 -9999 -9999 -9999 -9999
2150 2150 2150 2150 2150 2150 2150 2150 2150 2150 2150 2150 2150 2150 2150 2150 2150 2150 2150 2150 2150 2150 2150 2150 2150 2150 2150 2150 2150 2150 2150 2150 2150 2150 2150 2150 2150 2150 2150 2150 2150 2150 2150 2150 2150 2150 2150 2150 2150 2150 2150 2150 2150 2150 2150 2150 2150 2150 2150 2150 2150 2150 2150 2150 2150 2150 2150 2150 2150 -9999 -9999 -9999 -9999 -9999 -9999 -9999 -9999 -9999 -9999 -9999 -9999 -9999
2150 2150 2150 2150 2150 2150 2150 2150 2150 2150 2150 2150 2150 2150 2150 2150 2150 2150 2150 2150 2150 2150 2150 2150 2150 2150 2150 2150 2150 2150 2150 2150 2150 2150 2150 2150 2150 2150 2150 2150 2150 2150 2150 2150 2150 2150 2150 2150 2150 2150 2150 2150 2150 2150 2150 2150 2150 2150 2150 2150 2150 2150 2150 2150 2150 2150 2150 2150 2150 -9999 -9999 -9999 -9999 -9999 -9999 -9999 -9999 -9999 -9999 -9999 -9999 -9999
-9999 2150 2150 2150 2150 2150 2150 2150 2150 2150 2150 2150 2150 2150 2150 2150 2150 2150 2150 2150 2150 2150 2150 2150 2150 2150 2150 2150 2150 2150 2150 2150 2150 2150 2150 2150 2150 2150 2150 2150 2150 2150 2150 2150 2150 2150 2150 2150 2150 2150 2150 2150 2150 2150 2150 2150 2150 2150 2150 2150 2150 2150 2150 2150 2150 2150 2150 2150 -9999 -9999 -9999 -9999 -9999 -9999 -9999 -9999 -9999 -9999 -9999 -9999 -9999 -9999
-9999 2150 2150 2150 2150 2150 2150 2150 2150 2150 2150 2150 2150 2150 2150 2150 2150 2150 2150 2150 2150 2150 2150 2150 2150 2150 2150 2150 2150 2150 2150 2150 2150 2150 2150 2150 2150 2150 2150 2150 2150 2150 2150 2150 2150 2150 2150 2150 2150 2150 2150 2150 2150 2150 2150 2150 2150 2150 2150 2150 2150 2150 2150 2150 2150 2150 2150 2150 2150 -9999 -9999 -9999 -9999 -9999 -9999 -9999 -9999 -9999 -9999 -9999 -9999 -9999
-9999 2150 2150 2150 2150 2150 2150 2150 2150 2150 2150 2150 2150 2150 2150 2150 2150 2150 2150 2150 2150 2150 2150 2150 2150 2150 2150 2150 2150 2150 2150 2150 2150 2150 2150 2150 2150 2150 2150 2150 2150 2150 2150 2150 2150 2150 2150 2150 2150 2150 2150 2150 2150 2150 2150 2150 2150 2150 2150 2150 2150 2150 2150 2150 2150 2150 2150 2150 2150 2150 -9999 -9999 -9999 -9999 -9999 -9999 -9999 -9999 -9999 -9999 -9999 -9999
-9999 2150 2150 2150 2150 2150 2150 2150 2150 2150 2150 2150 2150 2150 2150 2150 2150 2150 2150 2150 2150 2150 2150 2150 2150 2150 2150 2150 2150 2150 2150 2150 2150 2150 2150 2150 2150 2150 2150 2150 2150 2150 2150 2150 2150 2150 2150 2150 2150 2197 2150 2198 2199 2200 2200 2199 2150 2150 2150 2150 2150 2150 2150 2150 2150 2150 2150 2150 2150 2150 2150 -9999 -9999 -9999 -9999 -9999 -9999 -9999 -9999 -9999 -9999 -9999
-9999 -9999 2150 2150 2150 2150 2150 2150 2150 2150 2150 2150 2150 2150 2150 2150 2150 2150 2150 2150 2150 2150 2150 2150 2150 2150 2150 2150 2150 2150 2150 2150 2150 2150 2150 2150 2150 2150 2150 2150 2150 2150 2150 2150 2150 2150 2150 2150 2150 2199 2200 2200 2201 2201 2203 2203 2150 2150 2150 2150 2150 2150 2150 2150 2150 2150 2150 2150 2150 2150 2150 -9999 -9999 -9999 -9999 -9999 -9999 -9999 -9999 -9999 -9999 -9999
-9999 -9999 -9999 2150 2150 2150 2150 2150 2150 2150 2150 2150 2150 2150 2150 2150 2150 2150 2150 2150 2150 2150 2150 2150 2150 2150 2150 2190 2150 2150 2150 2150 2150 2150 2150 2150 2150 2150 2150 2150 2150 2150 2150 2150 2150 2150 2150 2150 2150 2199 2200 2200 2201 2201 2203 2150 2150 2150 2150 2150 2150 2150 2150 2150 2150 2150 2150 2150 2150 2150 2150 -9999 -9999 -9999 -9999 -9999 -9999 -9999 -9999 -9999 -9999 -9999
-9999 -9999 -9999 2150 2150 2150 2150 2150 2150 2150 2150 2150 2150 2150 2150 2150 2150 2150 2150 2150 2150 2150 2150 2150 2150 2150 2150 2150 2150 2150 2150 2150 2150 2150 2150 2150 2150 2150 2150 2150 2150 2150 2150 2150 2150 2150 2150 2150 2199 2199 2200 2200 2201 2201 2202 2150 2150 2150 2150 2150 2150 2150 2150 2150 2150 2205 2150 2150 2150 2150 2150 -9999 -9999 -9999 -9999 -9999 -9999 -9999 -9999 -9999 -9999 -9999
-9999 -9999 -9999 -9999 2150 2150 2150 2150 2150 2150 2150 2150 2150 2150 2150 2150 2150 2150 2150 2150 2150 2150 2150 2150 2150 2150 2189 2150 2150 2150 2150 2150 2150 2150 2150 2150 2150 2150 2150 2150 2150 2150 2150 2150 2150 2150 2150 2199 2199 2199 2200 2200 2201 2202 2202 2150 2150 2150 2150 2150 2150 2150 2150 2150 2208 2206 2205 2150 2150 2150 2150 2150 -9999 -9999 -9999 -9999 -9999 -9999 -9999 -9999 -9999 -9999
-9999 -9999 -9999 -9999 -9999 2150 2150 2150 2150 2150 2150 2150 2150 2150 2150 2150 2150 2150 2150 2150 2187 2188 2150 2150 2150 2190 2189 2150 2150 2150 2150 2150 2150 2150 2150 2150 2150 2150 2150 2150 2150 2150 2150 2198 2197 2198 2198 2199 2199 2200 2200 2201 2201 2202 2202 2150 2150 2150 2150 2150 2150 2150 2150 2150 2208 2207 2207 2150 2150 2150 2150 2150 2150 -9999 -9999 -9999 -9999 -9999 -9999 -9999 -9999 -9999
-9999 -9999 -9999 -9999 -9999 2150 2150 2150 2150 2150 2150 2150 2150 2150 2150 2150 2150 2150 2150 2150 2187 2188 2188 2150 2189 2189 2192 2150 2150 2150 2150 2150 2150 2150 2150 2150 2150 2150 2150 2150 2150 2197 2197 2198 2198 2199 2199 2199 2200 2200 2201 2201 2202 2202 2203 2150 2150 2150 2150 2150 2150 2150 2150 2208 2208 2207 2150 2150 2150 2150 2150 2150 2150 -9999 -9999 -9999 -9999 -9999 -9999 -9999 -9999 -9999
-9999 -9999 -9999 -9999 -9999 -9999 2150 2150 2150 2150 2150 2150 2150 2150 2150 2150 2150 2150 2150 2187 2187 2188 2188 2188 2191 2191 2150 2150 2150 2150 2150 2150 2150 2150 2150 2150 2150 2150 2150 2150 2150 2197 2198 2198 2199 2199 2200 2199 2200 2201 2201 2202 2202 2202 2203 2150 2150 2150 2150 2150 2150 2150 2208 2208 2209 2207 2150 2150 2150 2150 2150 2150 2150 2150 -9999 -9999 -9999 -9999 -9999 -9999 -9999 -9999
-9999 -9999 -9999 -9999 -9999 -9999 -9999 2181 2181 2150 2150 2150 2150 2150 2150 2150 2150 2150 2186 2187 2187 2188 2188 2190 2191 2191 2150 2150 2150 2150 2150 2150 2150 2150 2150 2150 2150 2150 2150 2150 2197 2197 2198 2198 2199 2199 2200 2200 2201 2201 2201 2202 2202 2203 2203 2150 2150 2150 2150 2150 2150 2150 2208 2209 2209 2208 2150 2150 2150 2150 2150 2150 2150 2150 -9999 -9999 -9999 -9999 -9999 -9999 -9999 -9999
-9999 -9999 -9999 -9999 -9999 -9999 -9999 2181 2181 2182 2150 2150 2150 2150 2184 2185 2185 2186 2186 2187 2187 2190 2190 2190 2191 2191 2192 2193 2150 2150 2150 2150 2150 2150 2150 2150 2150 2150 2150 2150 2197 2198 2198 2199 2199 2200 2200 2201 2201 2201 2202 2202 2203 2203 2203 2204 2150 2150 2150 2150 2150 2150 2150 2209 2209 2208 2150 2150 2150 2150 2150 2150 2150 2150 2150 -9999 -9999 2150 -9999 -9999 -9999 -9999
-9999 -9999 -9999 -9999 -9999 -9999 -9999 2181 2181 2182 2182 2182 2150 2150 2184 2185 2185 2186 2186 2189 2189 2190 2190 2191 2191 2192 2192 2193 2150 2150 2150 2150 2150 2150 2150 2150 2150 2150 2150 2150 2197 2198 2198 2199 2200 2200 2200 2201 2201 2201 2202 2202 2203 2203 2204 2204 2150 2150 2150 2150 2150 2208 2209 2209 2210 2208 2209 2209 2210 2150 2150 2150 2150 2150 2150 2150 2150 2150 2150 -9999 -9999 -9999
-9999 -9999 -9999 -9999 -9999 -9999 -9999 2180 2181 2182 2182 2182 2150 2150 2184 2185 2185 2186 2188 2189 2189 2190 2190 2191 2191 2192 2192 2193 2193 2194 2150 2150 2150 2150 2150 2150 2150 2150 2150 2150 2199 2200 2199 2199 2200 2200 2201 2201 2201 2202 2202 2203 2203 2204 2204 2205 2205 2150 2150 2150 2208 2209 2209 2210 2210 2209 2209 2210 2210 2211 2211 2211 2212 2150 2150 2150 2150 2150 2150 2150 2150 -9999
-9999 -9999 -9999 -9999 -9999 -9999 -9999 2180 2181 2181 2182 2182 2183 2150 2184 2185 2185 2186 2188 2188 2189 2189 2190 2190 2191 2191 2192 2193 2193 2194 2194 2194 2195 2150 2196 2150 2150 2150 2198 2199 2199 2200 2201 2201 2200 2201 2201 2201 2202 2202 2203 2203 2204 2204 2204 2205 2206 2207 2208 2208 2208 2209 2209 2210 2211 2209 2210 2210 2210 2211 2211 2212 2212 2150 2150 2150 2150 2150 2150 2150 2150 2150
-9999 -9999 -9999 -9999 -9999 -9999 -9999 2181 2181 2181 2182 2182 2183 2184 2184 2185 2187 2187 2188 2188 2189 2189 2190 2190 2191 2192 2192 2193 2193 2194 2194 2195 2195 2196 2196 2197 2150 2198 2199 2199 2200 2200 2201 2201 2202 2203 2203 2201 2202 2202 2203 2203 2204 2204 2205 2205 2206 2206 2208 2208 2209 2209 2210 2210 2211 2210 2210 2210 2211 2211 2212 2213 2214 2150 2150 2150 2150 2150 2150 2150 2150 2150
-9999 -9999 -9999 -9999 -9999 -9999 -9999 -9999 2181 2181 2182 2182 2183 2184 2184 2186 2187 2187 2188 2188 2189 2189 2190 2191 2191 2192 2192 2193 2194 2194 2195 2195 2195 2196 2197 2197 2198 2198 2199 2199 2200 2200 2201 2202 2202 2203 2203 2203 2204 2203 2203 2204 2204 2205 2205 2206 2206 2207 2207 2208 2209 2210 2210 2211 2211 2210 2210 2211 2211 2213 2213 2214 2214 2214 2150 2150 2150 2150 2150 2150 2150 2150
-9999 -9999 -9999 -9999 -9999 -9999 -9999 2180 2181 2181 2182 2182 2183 2185 2186 2186 2187 2188 2188 2189 2189 2190 2190 2191 2191 2192 2193 2193 2193 2194 2195 2195 2196 2196 2197 2197 2198 2198 2199 2200 2200 2201 2201 2202 2202 2203 2203 2204 2204 2205 2205 2206 2205 2205 2206 2206 2206 2207 2208 2208 2209 2209 2211 2211 2211 2210 2211 2212 2213 2213 2214 2214 2214 2215 2150 2150 2150 2150 2150 2150 2150 2150
-9999 -9999 -9999 -9999 -9999 -9999 -9999 2180 2181 2181 2182 2184 2185 2185 2186 2186 2187 2187 2188 2189 2189 2190 2190 2191 2191 2192 2193 2193 2193 2194 2195 2196 2196 2197 2197 2197 2198 2198 2199 2200 2200 2201 2202 2202 2203 2203 2204 2204 2205 2205 2206 2206 2207 2207 2206 2207 2207 2207 2208 2208 2209 2209 2210 2211 2212 2212 2212 2213 2213 2214 2214 2214 2215 2215 2150 2150 2150 2150 2150 2150 2150 2150
-9999 -9999 -9999 -9999 -9999 -9999 -9999 -9999 2181 2181 2184 2184 2185 2185 2186 2186 2187 2187 2188 2189 2189 2190 2190 2191 2191 2192 2193 2193 2194 2194 2195 2196 2196 2197 2197 2198 2198 2199 2199 2200 2201 2201 2202 2202 2203 2204 2204 2204 2205 2206 2206 2207 2207 2208 2208 2208 2209 2207 2210 2209 2209 2210 2210 2212 2212 2212 2213 2213 2214 2214 2214 2215 2215 2150 2150 2150 2150 2150 2150 2150 2150 2150
-9999 -9999 -9999 -9999 -9999 -9999 -9999 -9999 2183 2183 2184 2184 2185 2185 2186 2186 2187 2188 2188 2189 2189 2190 2190 2191 2192 2192 2193 2193 2194 2194 2195 2196 2196 2197 2198 2198 2198 2199 2200 2200 2201 2202 2202 2203 2203 2204 2204 2205 2205 2206 2207 2207 2208 2208 2208 2209 2209 2210 2211 2211 2211 2211 2211 2212 2212 2211 2212 2213 2214 2214 2215 2215 2150 2150 2150 2150 2150 2150 2150 2150 2150 2150
-9999 -9999 -9999 -9999 -9999 -9999 -9999 -9999 2183 2183 2184 2184 2185 2185 2186 2186 2187 2188 2188 2189 2189 2190 2191 2191 2192 2192 2193 2193 2194 2195 2195 2196 2197 2197 2198 2198 2199 2199 2200 2201 2201 2202 2202 2203 2204 2204 2204 2205 2206 2206 2207 2207 2208 2208 2209 2209 2210 2210 2211 2212 2212 2213 2212 2212 2213 2212 2212 2213 2150 2215 2150 2150 2150 2150 2150 2150 2150 2150 2150 2150 2150 2150
-9999 -9999 -9999 -9999 -9999 -9999 -9999 -9999 2183 2183 2184 2184 2185 2185 2186 2187 2187 2188 2188 2189 2189 2190 2191 2191 2192 2192 2193 2194 2194 2195 2195 2196 2197 2197 2198 2199 2199 2200 2200 2201 2202 2202 2203 2203 2204 2204 2205 2205 2206 2207 2207 2208 2208 2208 2209 2209 2210 2211 2212 2212 2212 2213 2212 2213 2213 2212 2213 2213 2150 2150 2150 2150 2150 2150 2150 2150 2150 2150 2150 2150 2150 2150
-9999 -9999 -9999 -9999 -9999 -9999 -9999 -9999 2183 2183 2184 2184 2185 2185 2186 2186 2187 2188 2188 2189 2190 2190 2191 2191 2192 2192 2193 2194 2194 2195 2195 2196 2197 2197 2198 2199 2199 2200 2201 2201 2202 2203 2203 2204 2204 2204 2205 2206 2206 2207 2208 2208 2208 2209 2209 2210 2210 2211 2212 2212 2213 2213 2212 2213 2213 2212 2213 2213 2214 2150 2150 2150 2150 2150 2150 2150 2150 2150 2150 2150 2150 2150
-9999 -9999 -9999 -9999 -9999 -9999 -9999 -9999 -9999 2183 2184 2184 2185 2185 2186 2186 2187 2188 2188 2189 2190 2190 2191 2191 2192 2192 2193 2194 2194 2195 2196 2196 2197 2198 2198 2199 2200 2200 2201 2202 2202 2203 2204 2204 2204 2205 2205 2206 2207 2207 2208 2208 2209 2209 2210 2210 2211 2211 2212 2213 2213 2214 2213 2213 2214 2213 2213 2214 2150 2150 2150 2150 2150 2150 2150 2150 2150 2150 2150 2150 2150 2150
-9999 -9999 -9999 -9999 -9999 -9999 -9999 -9999 -9999 2183 2184 2184 2185 2185 2186 2187 2187 2188 2188 2189 2190 2190 2191 2191 2192 2193 2193 2194 2195 2195 2195 2196 2197 2197 2198 2199 2199 2200 2201 2202 2202 2203 2203 2204 2205 2204 2205 2206 2206 2207 2208 2208 2209 2209 2210 2210 2211 2211 2212 2213 2214 2214 2214 2215 2214 2214 2215 2214 2150 2150 2150 2150 2150 2150 2150 2150 2150 2150 2150 2150 2150 2150
-9999 -9999 -9999 -9999 -9999 -9999 -9999 -9999 -9999 -9999 2183 2184 2184 2185 2185 2186 2186 2187 2188 2188 2189 2190 2190 2191 2191 2192 2193 2193 2194 2195 2195 2196 2197 2197 2198 2199 2199 2200 2201 2202 2202 2203 2203 2204 2204 2205 2205 2206 2207 2207 2208 2208 2209 2210 2210 2211 2211 2212 2213 2213 2214 2214 2215 2215 2214 2215 2215 2214 2150 2150 2150 2150 2150 2150 2150 2150 2150 2150 2150 2150 2150 2150
-9999 -9999 -9999 -9999 -9999 -9999 -9999 -9999 -9999 -9999 2183 2183 2184 2185 2185 2186 2186 2187 2188 2188 2189 2190 2190 2191 2192 2192 2193 2193 2194 2195 2196 2196 2197 2198 2198 2199 2200 2200 2201 2202 2203 2203 2204 2205 2204 2205 2206 2206 2207 2207 2208 2209 2209 2210 2211 2211 2212 2212 2213 2214 2214 2215 2215 2216 2215 2215 2216 2215 2215 2150 2150 2150 2150 2150 2150 2150 2150 2150 2150 2150 2150 2150
