bin/Debug/DLS/DLS/Input/sc1gr13.grid
ncols         109
nrows         140
xllcorner     1129355.625
yllcorner     4033173
cellsize      1000
NODATA_value  -9999
[rows 46 to 91 of 140, columns 0 to 95 of 109]
-9999 -9999 -9999 -9999 -9999 -9999 -9999 -9999 -9999 -9999 -9999 -9999 -9999 -9999 -9999 -9999 -9999 -9999 -9999 -9999 -9999 7 7 8 9 9 9 8 7 6 5 5 4 3 2 1 0 0 1 2 2 3 3 3 4 4 4 4 4 5 5 5 5 5 6 6 7 7 7 8 8 9 9 10 11 12 13 13 14 15 16 17 18 18 19 20 21 22 23 24 25 26 26 27 28 29 30 31 32 33 34 35 36 37 38 39
-9999 -9999 -9999 -9999 -9999 -9999 -9999 -9999 -9999 -9999 -9999 -9999 -9999 -9999 -9999 -9999 -9999 -9999 -9999 -9999 -9999 7 8 8 8 8 8 8 7 6 5 4 3 2 2 1 0 1 1 2 3 4 4 4 5 5 5 5 5 5 6 6 6 6 7 7 8 8 8 8 9 10 10 11 12 12 13 14 15 16 17 17 18 19 20 21 21 22 23 24 25 26 27 28 29 30 31 31 32 33 34 35 36 37 38 39
-9999 -9999 -9999 -9999 -9999 -9999 -9999 -9999 -9999 -9999 -9999 -9999 -9999 -9999 -9999 -9999 -9999 -9999 -9999 -9999 -9999 7 7 7 7 7 7 7 7 6 5 4 3 2 1 1 0 1 2 2 3 4 5 5 5 6 6 6 6 6 7 7 7 7 8 8 8 9 9 9 10 10 11 12 12 13 14 15 15 16 17 18 19 20 20 21 22 23 24 25 25 26 27 28 29 30 31 32 33 34 35 36 37 37 38 39
-9999 -9999 -9999 -9999 -9999 -9999 -9999 -9999 -9999 -9999 -9999 -9999 -9999 -9999 -9999 -9999 -9999 -9999 -9999 -9999 -9999 -9999 6 6 6 6 6 6 6 5 5 4 3 2 1 0 0 1 2 3 4 5 5 6 6 7 7 7 7 7 8 8 8 8 8 9 9 10 10 10 11 11 12 12 13 14 14 15 16 17 18 18 19 20 21 22 23 23 24 25 26 27 28 29 29 30 31 32 33 34 35 36 37 38 39 40
-9999 -9999 -9999 -9999 -9999 -9999 -9999 -9999 -9999 -9999 -9999 -9999 -9999 -9999 -9999 -9999 -9999 -9999 -9999 -9999 -9999 -9999 5 5 5 5 5 5 5 5 4 3 2 2 1 0 1 1 2 3 4 5 6 7 7 8 8 8 8 8 8 9 9 9 9 10 10 11 11 11 12 12 13 13 14 14 15 16 17 17 18 19 20 21 21 22 23 24 25 26 26 27 28 29 30 31 32 33 34 34 35 36 37 38 39 40
-9999 -9999 -9999 -9999 -9999 -9999 -9999 -9999 -9999 -9999 -9999 -9999 -9999 -9999 -9999 -9999 -9999 -9999 -9999 -9999 -9999 5 4 4 4 4 4 4 5 5 4 3 2 1 1 0 1 2 2 3 4 5 6 7 8 8 9 9 9 9 9 10 10 10 10 11 11 12 12 12 13 13 13 14 15 15 16 16 17 18 19 20 20 21 22 23 24 25 25 26 27 28 29 30 30 31 32 33 34 35 36 37 38 39 39 40
-9999 -9999 -9999 -9999 -9999 -9999 -9999 -9999 -9999 -9999 -9999 -9999 -9999 -9999 -9999 -9999 -9999 -9999 -9999 -9999 -9999 4 3 3 3 3 3 3 4 4 3 2 2 1 0 0 1 2 3 4 5 5 6 7 8 9 10 10 10 10 10 11 11 11 11 12 12 13 13 13 13 14 14 15 15 16 17 17 18 19 19 20 21 22 23 23 24 25 26 27 28 28 29 30 31 32 33 34 34 35 36 37 38 39 40 41
-9999 -9999 -9999 -9999 -9999 -9999 -9999 -9999 -9999 -9999 -9999 -9999 -9999 -9999 -9999 -9999 -9999 -9999 -9999 3 3 3 2 2 2 2 2 2 3 3 3 2 1 1 0 1 1 2 3 4 5 6 7 8 8 9 10 11 11 11 11 12 12 12 12 13 13 13 14 14 14 15 15 16 16 17 17 18 19 19 20 21 22 22 23 24 25 26 26 27 28 29 30 31 31 32 33 34 35 36 37 38 38 39 40 41
-9999 -9999 -9999 -9999 -9999 -9999 -9999 -9999 -9999 -9999 -9999 -9999 -9999 -9999 -9999 -9999 -9999 -9999 -9999 2 2 2 2 1 1 1 1 2 2 2 2 2 1 0 0 1 2 2 3 4 5 6 7 7 8 9 10 11 12 12 12 13 13 13 13 13 14 14 15 15 15 16 16 17 17 18 18 19 19 20 21 21 22 23 24 25 25 26 27 28 29 30 30 -9999 -9999 -9999 34 34 35 36 37 38 39 40 -9999 42
-9999 -9999 -9999 -9999 -9999 -9999 -9999 -9999 -9999 -9999 -9999 -9999 -9999 -9999 -9999 -9999 -9999 -9999 -9999 -9999 1 1 1 1 0 0 1 1 1 1 1 1 1 0 0 1 2 2 3 4 5 5 6 7 8 8 9 10 11 12 13 13 14 14 14 14 15 15 16 16 16 17 17 17 18 18 19 20 20 21 21 22 23 24 24 25 26 27 28 28 29 30 31 -9999 -9999 -9999 -9999 35 -9999 -9999 -9999 -9999 -9999 40 -9999 -9999
-9999 -9999 -9999 -9999 -9999 -9999 -9999 -9999 -9999 -9999 -9999 -9999 -9999 -9999 -9999 -9999 -9999 -9999 -9999 1 0 0 0 0 0 0 0 0 1 1 0 0 0 0 0 1 1 2 2 3 4 5 5 6 7 8 9 10 11 12 12 13 14 15 15 15 16 16 17 17 17 18 18 18 19 19 20 20 21 22 22 23 24 24 25 26 27 27 28 29 30 31 -9999 -9999 -9999 -9999 -9999 -9999 36 -9999 -9999 -9999 -9999 -9999 -9999 -9999
-9999 -9999 -9999 -9999 -9999 -9999 -9999 -9999 -9999 -9999 -9999 -9999 -9999 -9999 -9999 -9999 -9999 -9999 -9999 0 0 1 1 1 1 1 1 0 0 0 0 1 1 1 0 0 1 1 2 2 3 4 5 6 7 8 8 9 10 11 12 12 13 14 15 16 17 17 17 18 18 18 19 19 20 20 21 21 22 22 23 24 24 25 26 26 27 28 29 30 30 31 -9999 -9999 -9999 -9999 -9999 -9999 -9999 -9999 -9999 -9999 -9999 -9999 -9999 -9999
-9999 -9999 -9999 -9999 -9999 -9999 -9999 -9999 -9999 -9999 -9999 -9999 -9999 -9999 -9999 -9999 -9999 -9999 1 1 1 1 2 2 2 2 1 1 0 0 1 1 2 1 1 0 0 1 1 2 3 4 5 5 6 7 8 9 9 10 11 12 13 13 14 15 16 17 18 19 19 19 20 20 21 21 21 22 23 23 24 24 25 26 26 27 28 29 29 30 31 32 -9999 -9999 -9999 -9999 -9999 -9999 -9999 -9999 -9999 -9999 -9999 -9999 -9999 -9999
-9999 -9999 -9999 -9999 -9999 -9999 -9999 -9999 -9999 -9999 -9999 -9999 -9999 -9999 -9999 -9999 -9999 -9999 2 2 2 2 2 3 2 1 1 0 0 1 1 2 2 2 1 1 0 0 1 2 2 3 4 5 6 7 7 8 9 10 10 11 12 13 14 15 16 17 18 18 19 20 21 21 21 22 22 23 23 24 25 25 26 26 27 28 29 29 30 31 32 -9999 -9999 -9999 -9999 -9999 -9999 -9999 -9999 -9999 -9999 -9999 -9999 -9999 -9999 -9999
-9999 -9999 -9999 -9999 -9999 -9999 -9999 -9999 -9999 -9999 -9999 -9999 -9999 -9999 -9999 -9999 -9999 -9999 3 3 3 3 3 2 2 1 0 0 1 1 2 2 3 2 2 1 1 0 1 1 2 3 4 5 5 6 7 7 8 9 10 11 12 13 13 14 15 16 17 18 19 20 21 22 22 23 23 24 24 25 25 26 27 27 28 29 29 30 31 31 -9999 -9999 -9999 -9999 -9999 -9999 -9999 -9999 -9999 -9999 -9999 -9999 -9999 -9999 -9999 -9999
-9999 -9999 -9999 -9999 -9999 -9999 -9999 -9999 -9999 -9999 -9999 -9999 -9999 -9999 -9999 -9999 4 4 4 4 4 3 2 2 1 1 0 1 1 2 2 3 4 3 2 2 1 0 0 1 2 2 3 4 5 5 6 7 8 8 9 10 11 12 13 14 15 16 17 18 19 20 21 22 23 24 24 25 25 26 26 27 27 28 29 29 30 31 31 32 -9999 -9999 -9999 -9999 -9999 -9999 -9999 -9999 -9999 -9999 -9999 -9999 -9999 -9999 -9999 -9999
-9999 -9999 -9999 -9999 -9999 -9999 -9999 -9999 -9999 5 5 5 5 5 5 5 5 5 5 4 3 2 2 1 1 0 0 1 2 2 3 4 5 4 3 2 1 1 0 1 1 2 2 3 4 5 5 6 7 8 9 10 11 12 13 14 15 16 17 18 19 20 21 22 23 24 25 25 26 26 27 28 28 29 29 30 31 31 32 -9999 -9999 -9999 -9999 -9999 -9999 -9999 -9999 -9999 -9999 -9999 -9999 -9999 -9999 -9999 -9999 -9999
-9999 -9999 -9999 -9999 -9999 -9999 -9999 -9999 5 6 6 6 6 6 6 6 6 5 5 4 3 2 1 1 0 0 1 1 2 3 4 5 5 4 3 2 2 1 0 0 1 1 2 2 3 4 5 6 7 8 9 10 11 12 13 14 15 16 17 18 19 20 21 22 23 24 25 26 27 27 28 28 29 30 30 31 31 32 -9999 -9999 -9999 -9999 -9999 -9999 -9999 -9999 -9999 -9999 -9999 -9999 -9999 -9999 -9999 -9999 -9999 -9999
-9999 -9999 -9999 -9999 -9999 -9999 -9999 -9999 6 7 7 7 7 7 7 7 6 5 4 3 2 2 1 0 0 1 1 2 2 3 4 5 5 5 4 3 2 1 1 0 0 1 1 2 3 4 5 6 7 8 9 10 11 12 13 14 15 16 17 18 19 20 21 22 23 24 25 26 27 28 29 29 30 30 31 32 32 33 -9999 -9999 -9999 -9999 -9999 -9999 -9999 -9999 -9999 -9999 -9999 -9999 -9999 -9999 -9999 -9999 -9999 -9999
-9999 -9999 -9999 -9999 -9999 -9999 -9999 7 7 8 8 8 8 8 7 6 5 5 4 3 2 1 1 0 1 1 2 2 3 4 5 5 6 5 4 3 2 2 1 1 0 0 1 2 3 4 5 6 7 8 9 10 11 12 13 14 15 16 17 18 19 20 21 22 23 24 25 26 27 28 29 30 31 31 32 32 32 32 -9999 -9999 -9999 -9999 -9999 -9999 -9999 -9999 -9999 -9999 -9999 -9999 -9999 -9999 -9999 -9999 -9999 -9999
-9999 -9999 -9999 -9999 -9999 -9999 -9999 8 8 8 9 9 9 8 7 6 5 4 3 2 2 1 0 0 1 2 2 3 4 5 5 5 5 5 5 4 3 2 2 1 0 1 1 2 3 4 5 6 7 8 9 10 11 12 13 14 15 16 17 18 19 20 21 22 23 24 25 26 27 28 29 30 31 31 31 31 31 31 -9999 -9999 -9999 -9999 -9999 -9999 -9999 -9999 -9999 -9999 -9999 -9999 -9999 -9999 -9999 -9999 -9999 -9999
-9999 -9999 -9999 -9999 -9999 -9999 -9999 9 9 9 10 10 9 8 7 6 5 4 3 2 1 1 0 1 1 2 3 4 4 4 4 4 4 4 5 5 4 3 2 1 0 1 2 2 3 4 5 6 7 8 9 10 11 12 13 14 15 16 17 18 19 20 21 22 23 24 25 26 27 28 29 30 30 30 30 30 30 -9999 -9999 -9999 -9999 -9999 -9999 -9999 -9999 -9999 -9999 -9999 -9999 -9999 -9999 -9999 -9999 -9999 -9999 -9999
-9999 -9999 -9999 -9999 -9999 -9999 -9999 10 10 10 11 10 9 8 7 6 5 4 3 2 1 0 0 1 2 2 3 3 3 3 3 3 3 3 4 5 4 3 2 1 0 1 2 3 4 5 5 6 7 8 9 10 11 12 13 14 15 16 17 18 19 20 21 22 23 24 25 26 27 28 29 29 29 29 29 29 29 29 -9999 -9999 -9999 -9999 -9999 -9999 -9999 -9999 -9999 -9999 -9999 -9999 -9999 -9999 -9999 -9999 -9999 -9999
-9999 -9999 -9999 -9999 -9999 -9999 -9999 10 10 10 10 9 9 8 7 6 5 4 3 2 1 0 1 1 2 2 2 2 2 2 2 2 2 2 3 4 4 3 2 1 0 1 2 3 4 5 6 7 8 8 9 10 11 12 13 14 15 16 17 18 19 20 21 22 23 24 25 26 27 28 28 28 28 28 28 28 28 28 -9999 -9999 -9999 -9999 -9999 -9999 -9999 -9999 -9999 -9999 -9999 -9999 -9999 -9999 -9999 -9999 -9999 -9999
-9999 -9999 -9999 -9999 -9999 -9999 9 9 9 9 9 9 8 7 7 6 5 4 3 2 1 0 1 1 1 1 1 1 1 1 1 1 1 2 3 4 4 3 2 1 0 1 2 3 4 5 6 7 8 9 10 11 12 13 13 14 15 16 17 18 19 20 21 22 23 24 25 26 27 27 27 27 27 27 27 27 27 27 -9999 -9999 -9999 -9999 -9999 -9999 -9999 -9999 -9999 -9999 -9999 -9999 -9999 -9999 -9999 -9999 -9999 -9999
-9999 -9999 -9999 -9999 -9999 8 8 8 8 8 8 8 7 7 6 5 5 4 3 2 1 0 0 0 0 0 0 0 0 0 0 0 1 2 3 3 3 2 2 1 0 1 2 3 4 5 6 7 8 9 10 11 12 13 14 15 16 17 18 18 19 20 21 22 23 24 25 26 26 26 26 26 26 26 26 26 26 -9999 -9999 -9999 -9999 -9999 -9999 -9999 -9999 -9999 -9999 -9999 -9999 -9999 -9999 -9999 -9999 -9999 -9999 -9999
-9999 -9999 -9999 -9999 -9999 8 7 7 7 7 7 7 7 6 5 5 4 3 2 2 1 0 1 1 1 1 1 1 1 1 1 0 1 2 2 2 2 2 1 1 0 1 2 3 4 5 6 7 8 9 10 11 12 13 14 15 16 17 18 19 20 21 22 22 23 24 24 25 25 25 25 25 25 25 25 25 25 25 25 -9999 -9999 -9999 -9999 -9999 -9999 -9999 -9999 -9999 -9999 -9999 -9999 -9999 -9999 -9999 -9999 -9999
-9999 -9999 -9999 -9999 -9999 -9999 6 6 6 6 6 6 6 5 5 4 3 2 2 1 1 0 1 2 2 2 2 2 2 2 1 0 1 1 1 1 1 1 1 0 0 1 2 3 4 5 6 7 8 9 10 11 12 13 14 15 16 17 18 19 20 20 21 21 22 23 24 24 24 24 24 24 24 24 24 24 24 24 24 -9999 -9999 -9999 -9999 -9999 -9999 -9999 -9999 -9999 -9999 -9999 -9999 -9999 -9999 -9999 -9999 -9999
-9999 -9999 -9999 -9999 -9999 -9999 -9999 -9999 -9999 -9999 5 5 5 5 4 3 2 2 1 1 0 0 1 2 3 3 3 3 3 2 1 0 0 0 1 1 0 0 0 0 1 1 2 3 4 5 6 7 8 9 10 11 12 13 14 15 16 17 18 18 19 19 20 21 21 22 23 24 23 23 23 23 23 23 23 23 23 23 23 23 -9999 -9999 -9999 -9999 -9999 -9999 -9999 -9999 -9999 -9999 -9999 -9999 -9999 -9999 -9999 -9999
-9999 -9999 -9999 -9999 -9999 -9999 -9999 -9999 -9999 4 4 4 4 4 4 3 2 1 1 0 0 1 1 2 3 4 4 4 3 2 1 1 1 0 0 0 0 0 0 1 1 2 2 3 4 5 6 7 8 9 10 11 12 13 14 15 16 16 17 17 18 19 19 20 21 22 22 23 22 22 22 22 22 22 22 22 22 22 22 22 -9999 -9999 -9999 -9999 -9999 -9999 -9999 -9999 -9999 -9999 -9999 -9999 -9999 -9999 -9999 -9999
-9999 -9999 -9999 -9999 -9999 -9999 -9999 -9999 3 3 3 3 3 3 3 2 2 1 0 0 1 1 2 2 3 4 5 4 3 2 2 2 1 1 1 1 1 1 0 1 2 2 3 4 5 5 6 7 8 9 10 11 12 13 14 14 15 15 16 17 17 18 19 19 20 21 22 22 21 21 21 21 21 21 21 21 21 21 21 21 -9999 -9999 -9999 -9999 -9999 -9999 -9999 -9999 -9999 -9999 -9999 -9999 -9999 -9999 -9999 -9999
-9999 -9999 -9999 -9999 -9999 -9999 -9999 -9999 2 2 2 2 2 2 2 2 1 1 0 1 1 2 2 3 4 5 5 5 4 3 3 2 2 2 2 2 2 1 0 1 2 3 4 5 5 6 7 8 8 9 10 11 12 13 13 13 14 15 15 16 16 17 18 19 20 20 21 21 20 20 20 20 20 20 20 20 20 20 20 20 -9999 -9999 -9999 -9999 -9999 -9999 -9999 -9999 -9999 -9999 -9999 -9999 -9999 -9999 -9999 -9999
-9999 -9999 -9999 -9999 -9999 -9999 -9999 2 1 1 1 1 1 1 1 1 1 0 0 1 2 2 3 4 5 5 6 5 5 4 4 3 3 3 3 3 2 1 0 1 2 3 4 5 6 7 7 8 9 10 11 11 11 12 12 13 13 14 14 15 16 17 17 18 19 20 20 20 19 19 19 19 19 19 19 19 19 19 19 19 -9999 -9999 -9999 -9999 -9999 -9999 -9999 -9999 -9999 -9999 -9999 -9999 -9999 -9999 -9999 -9999
-9999 -9999 -9999 -9999 -9999 -9999 -9999 1 1 0 0 0 0 0 0 0 0 0 1 1 2 3 4 5 5 6 7 6 5 5 5 4 4 4 4 3 2 1 0 1 2 3 4 5 6 7 8 9 10 10 10 10 10 11 11 12 12 13 14 14 15 16 17 18 18 19 19 19 18 18 18 18 18 18 18 18 18 18 18 18 18 -9999 -9999 -9999 -9999 -9999 -9999 -9999 -9999 -9999 -9999 -9999 -9999 -9999 -9999 -9999
-9999 -9999 -9999 -9999 -9999 -9999 -9999 0 0 0 1 1 1 1 1 1 0 1 1 2 2 3 4 5 6 7 7 7 6 6 5 5 5 5 4 3 2 1 0 1 2 3 4 5 6 7 8 9 9 9 9 9 9 10 10 11 12 12 13 14 15 15 16 17 18 19 18 18 18 17 17 17 17 17 17 17 17 17 17 17 18 -9999 -9999 -9999 -9999 -9999 -9999 -9999 -9999 -9999 -9999 -9999 -9999 -9999 -9999 -9999
-9999 -9999 -9999 -9999 -9999 -9999 0 1 1 1 1 2 2 2 2 1 1 1 2 2 3 4 5 5 6 7 8 8 7 7 6 6 6 5 4 3 2 1 0 1 2 3 4 5 6 7 8 8 8 8 8 8 8 9 10 10 11 12 12 13 14 15 16 17 17 18 17 17 17 16 16 16 16 16 16 16 16 16 16 16 17 17 -9999 -9999 -9999 -9999 -9999 -9999 -9999 -9999 -9999 -9999 -9999 -9999 -9999 -9999
-9999 -9999 -9999 -9999 -9999 -9999 1 1 2 2 2 2 3 3 2 2 2 2 2 3 4 5 5 6 7 8 8 8 8 8 7 7 6 5 4 3 2 1 0 1 2 3 4 5 6 7 7 7 7 7 7 7 8 8 9 9 10 11 12 13 13 14 15 16 17 17 17 16 16 15 15 15 15 15 15 15 15 15 15 15 16 16 -9999 -9999 -9999 -9999 -9999 -9999 -9999 -9999 -9999 -9999 -9999 -9999 -9999 -9999
-9999 -9999 -9999 -9999 -9999 2 2 2 2 3 3 3 4 4 3 3 3 3 3 4 5 5 6 7 7 8 9 9 9 8 8 7 6 5 4 3 2 1 0 1 2 3 4 5 6 6 6 6 6 6 6 6 7 7 8 9 10 10 11 12 13 14 15 16 17 16 16 15 15 14 14 14 14 14 14 14 14 14 14 14 15 15 -9999 -9999 -9999 -9999 -9999 -9999 -9999 -9999 -9999 -9999 -9999 -9999 -9999 -9999
-9999 -9999 -9999 -9999 -9999 2 3 3 3 4 4 4 5 5 4 4 4 4 4 5 5 6 7 7 8 9 10 10 10 9 8 7 6 5 4 3 2 1 0 1 2 3 4 5 5 5 5 5 5 5 5 5 6 7 7 8 9 10 11 12 13 13 14 15 16 15 15 14 14 13 13 13 13 13 13 13 13 13 13 13 14 14 -9999 -9999 -9999 -9999 -9999 -9999 -9999 -9999 -9999 -9999 -9999 -9999 -9999 -9999
-9999 -9999 -9999 -9999 -9999 -9999 -9999 4 4 5 5 5 5 5 5 5 5 5 5 5 6 7 7 8 9 9 10 11 10 9 8 7 6 5 4 3 2 1 0 1 2 3 4 5 5 4 4 4 4 4 4 5 5 6 7 8 8 9 10 11 12 13 14 15 15 14 14 13 13 13 12 12 12 12 12 12 12 12 12 13 13 13 14 -9999 -9999 -9999 -9999 -9999 -9999 -9999 -9999 -9999 -9999 -9999 -9999 -9999
-9999 -9999 -9999 -9999 -9999 -9999 -9999 5 5 5 6 6 6 6 6 6 6 6 6 6 7 7 8 9 9 10 11 11 10 9 8 7 6 5 4 3 2 1 0 1 2 3 4 5 4 3 3 3 3 3 3 4 5 5 6 7 8 9 10 11 12 13 14 15 14 13 13 13 12 12 11 11 11 11 11 11 11 11 11 12 12 13 -9999 -9999 -9999 -9999 -9999 -9999 -9999 -9999 -9999 -9999 -9999 -9999 -9999 -9999
-9999 -9999 -9999 -9999 -9999 -9999 -9999 -9999 -9999 6 7 7 7 7 7 7 7 7 7 7 8 8 9 9 10 11 12 11 10 9 8 7 6 5 4 3 2 1 0 1 2 3 4 4 3 2 2 2 2 2 2 3 4 5 6 7 8 9 10 11 12 13 14 14 13 13 12 12 11 11 10 10 10 10 10 10 10 10 10 11 11 12 -9999 -9999 -9999 -9999 -9999 -9999 -9999 -9999 -9999 -9999 -9999 -9999 -9999 -9999
-9999 -9999 -9999 -9999 -9999 -9999 -9999 -9999 -9999 -9999 8 8 8 8 8 8 8 8 8 8 8 9 10 10 11 12 12 11 10 9 8 7 6 5 4 3 2 1 0 1 2 3 4 4 3 2 1 1 1 1 2 3 4 5 6 7 8 9 10 11 12 13 14 13 12 12 11 11 10 10 9 9 9 9 9 9 9 9 9 10 10 11 12 -9999 -9999 -9999 -9999 -9999 -9999 -9999 -9999 -9999 -9999 -9999 -9999 -9999
-9999 -9999 -9999 -9999 -9999 -9999 -9999 -9999 -9999 -9999 -9999 9 9 9 9 9 9 9 9 9 9 10 10 11 12 12 12 11 10 9 8 7 6 5 4 3 2 1 0 1 2 3 3 3 2 2 1 0 0 1 2 3 4 5 6 7 8 9 10 11 12 13 13 12 12 11 10 10 9 9 8 8 8 8 8 8 8 8 8 9 -9999 -9999 -9999 -9999 -9999 -9999 -9999 -9999 -9999 -9999 -9999 -9999 -9999 -9999 -9999 -9999
-9999 -9999 -9999 -9999 -9999 -9999 -9999 -9999 -9999 -9999 -9999 10 10 10 10 10 10 10 10 10 10 11 11 12 12 13 12 11 10 9 8 7 6 5 4 3 2 1 0 1 2 2 2 2 2 1 1 0 1 1 2 3 4 5 6 7 8 9 10 11 12 13 12 12 11 10 10 9 8 8 8 7 7 7 7 7 7 7 8 -9999 -9999 -9999 -9999 -9999 -9999 -9999 -9999 -9999 -9999 -9999 -9999 -9999 -9999 -9999 -9999 -9999
-9999 -9999 -9999 -9999 -9999 -9999 -9999 -9999 -9999 -9999 -9999 10 11 11 11 11 11 11 11 11 11 12 12 13 13 13 12 11 10 9 8 7 6 5 4 3 2 1 0 1 1 1 1 2 1 1 0 0 1 2 2 3 4 5 6 7 8 9 10 11 12 12 12 11 10 9 9 8 8 7 7 6 6 6 6 6 6 6 -9999 -9999 -9999 -9999 -9999 -9999 -9999 -9999 -9999 -9999 -9999 -9999 -9999 -9999 -9999 -9999 -9999 -9999
