bin/Debug/DLS/DLS/Input/sc1gr3.grid
ncols         109
nrows         140
xllcorner     1129355.625
yllcorner     4033173
cellsize      1000
NODATA_value  -9999
[rows 36 to 71 of 140, columns 0 to 81 of 109]
-9999 -9999 -9999 -9999 -9999 -9999 -9999 -9999 -9999 -9999 2183 2183 2184 2185 2185 2186 2187 2187 2188 2188 2189 2190 2190 2191 2192 2192 2193 2194 2194 2195 2196 2196 2197 2198 2198 2199 2200 2201 2202 2202 2203 2204 2204 2204 2205 2205 2206 2207 2207 2208 2208 2209 2209 2210 2211 2212 2212 2213 2214 2214 2215 2215 2216 2216 2215 2216 2216 2215 2215 2150 2150 2150 2150 2150 2150 2150 2150 2150 2150 2150 2150 2150
-9999 -9999 -9999 -9999 -9999 -9999 -9999 -9999 -9999 -9999 -9999 2183 2184 2185 2185 2186 2186 -9999 2188 2188 2189 2190 2190 2191 2192 2193 2193 2194 2195 2195 2196 2197 2197 2198 2199 2199 2200 2201 2202 2203 2203 2204 2205 2204 2205 2206 2207 2207 2208 2208 2209 2209 2210 2210 2211 2212 2212 2213 2214 2215 2215 2216 2216 2217 2217 2216 2217 2216 2216 2150 2150 2150 2150 2150 2150 2150 2150 2150 2150 2150 2150 2150
-9999 -9999 -9999 -9999 -9999 -9999 -9999 -9999 -9999 -9999 -9999 2183 2184 2185 -9999 -9999 -9999 -9999 -9999 2188 2189 2190 2190 2191 2192 2193 2193 2194 2195 2196 2196 2197 2197 2198 2199 2200 2200 2201 2202 2203 2203 2204 2204 2205 2206 2206 2207 2207 2208 2208 2209 2210 2210 2211 2212 2212 2213 2214 2215 2215 2216 2216 2217 2217 2218 2217 2217 2216 2216 2217 2150 2150 2150 2150 2150 2150 2150 2150 2150 2150 2150 2150
-9999 -9999 -9999 -9999 -9999 -9999 -9999 -9999 -9999 -9999 -9999 2183 2184 -9999 -9999 -9999 -9999 -9999 -9999 2189 2189 2190 2191 2191 2192 2193 2193 2194 2195 2196 2196 2197 2198 2199 2199 2200 2201 2201 2202 2203 2204 2204 2205 2205 2206 2206 2207 2208 2208 2209 2209 2210 2211 2212 2212 2212 2213 2214 2215 2216 2216 2217 2217 2218 2218 2217 2218 2216 2217 2217 2150 2150 2150 2150 2150 2150 2150 2150 2150 2150 2150 2150
-9999 -9999 -9999 -9999 -9999 -9999 -9999 -9999 -9999 -9999 -9999 -9999 -9999 -9999 -9999 -9999 -9999 -9999 -9999 -9999 2189 2190 2191 2191 2192 2193 2194 2194 2195 2196 2196 2197 2198 2199 2199 2200 2201 2202 2203 2203 2204 2204 2205 2206 2206 2207 2207 2208 2209 2209 2210 2211 2211 2212 2212 2213 2213 2214 2215 2216 2217 2217 2217 2218 2218 2218 2218 2217 2218 2218 2218 2219 2150 2150 2150 2150 2150 2150 2150 2150 2150 2150
-9999 -9999 -9999 -9999 -9999 -9999 -9999 -9999 -9999 -9999 -9999 -9999 -9999 -9999 -9999 -9999 -9999 -9999 -9999 -9999 -9999 2190 2191 2192 2192 2193 2194 2194 2195 2196 2197 2197 2198 2199 2200 2200 2201 2202 2203 2204 2204 2205 2205 2205 2206 2207 2208 2208 2209 2210 2211 2211 2212 2212 2213 2213 2214 2215 2216 2216 2217 2218 2218 2219 2219 2219 2219 2218 2218 2218 2219 2219 2220 2221 2221 2150 2222 2223 2223 2224 2150 2150
-9999 -9999 -9999 -9999 -9999 -9999 -9999 -9999 -9999 -9999 -9999 -9999 -9999 -9999 -9999 -9999 -9999 -9999 -9999 -9999 -9999 2193 2194 2195 2196 2196 2194 2195 2195 2196 2197 2198 2198 2199 2200 2201 2201 2202 2203 2204 2204 2205 2205 2206 2207 2207 2208 2209 2209 2210 2211 2212 2212 2213 2213 2214 2215 2215 2216 2217 2218 2218 2218 2219 2220 2220 2219 2218 2219 2219 2219 2220 2221 2221 2222 2223 2223 2223 2224 2224 2224 2150
-9999 -9999 -9999 -9999 -9999 -9999 -9999 -9999 -9999 -9999 -9999 -9999 -9999 -9999 -9999 -9999 -9999 -9999 -9999 -9999 -9999 -9999 2194 2195 2196 2196 2197 2198 2199 2200 2200 2201 2202 2199 2200 2201 2202 2202 2207 2204 2204 2205 2205 2206 2207 2208 2209 2209 2210 2211 2212 2212 2213 2213 2214 2214 2215 2216 2217 2218 2218 2218 2219 2219 2220 2221 2220 2219 2219 2219 2220 2221 2222 2222 2223 2223 2223 2224 2224 2225 2225 2226
-9999 -9999 -9999 -9999 -9999 -9999 -9999 -9999 -9999 -9999 -9999 -9999 -9999 -9999 -9999 -9999 -9999 -9999 -9999 -9999 -9999 -9999 2194 2195 2196 2197 2197 2198 2199 2200 2201 2201 2202 2203 2204 2204 2205 2206 2207 2207 2207 2208 2209 2209 2210 2211 2209 2210 2210 2211 2212 2213 2213 2214 2214 2215 2216 2216 2218 2218 2219 2219 2219 2220 2220 2221 2220 2219 2220 2221 2221 2223 2223 2223 2223 2224 2224 2224 2225 2226 2226 2226
-9999 -9999 -9999 -9999 -9999 -9999 -9999 -9999 -9999 -9999 -9999 -9999 -9999 -9999 -9999 -9999 -9999 -9999 -9999 -9999 -9999 2194 2194 2195 2196 2197 2197 2198 2199 2200 2201 2202 2202 2203 2204 2205 2205 2206 2207 2207 2208 2209 2209 2210 2211 2211 2212 2213 2214 2215 2215 2216 2214 2214 2215 2215 2216 2217 2221 2219 2219 2220 2220 2221 2221 2221 2222 2220 2221 2222 2223 2223 2223 2224 2224 2224 2225 2225 2226 2226 2226 2150
-9999 -9999 -9999 -9999 -9999 -9999 -9999 -9999 -9999 -9999 -9999 -9999 -9999 -9999 -9999 -9999 -9999 -9999 -9999 -9999 -9999 2194 2194 2195 2196 2197 2198 2199 2199 2200 2201 2202 2202 2203 2204 2205 2206 2206 2207 2207 2208 2209 2210 2210 2211 2212 2213 2213 2214 2215 2216 2216 2217 2218 2218 2219 2220 2220 2221 2222 2222 2223 2223 2224 2224 2222 2222 2222 2222 2223 2223 2223 2224 2224 2225 2225 2225 2225 2150 2150 2150 2150
-9999 -9999 -9999 -9999 -9999 -9999 -9999 -9999 -9999 -9999 -9999 -9999 -9999 -9999 -9999 -9999 -9999 -9999 -9999 -9999 -9999 2194 2195 2195 2196 2197 2198 2199 2200 2200 2201 2202 2203 2204 2204 2205 2206 2207 2207 2208 2208 2209 2210 2211 2211 2212 2213 2214 2215 2216 2216 2217 2217 2218 2219 2219 2220 2221 2222 2222 2223 2223 2224 2224 2225 2226 2227 2225 2225 2225 2226 2224 2225 2225 2225 2225 2225 2150 2150 2150 2150 2150
-9999 -9999 -9999 -9999 -9999 -9999 -9999 -9999 -9999 -9999 -9999 -9999 -9999 -9999 -9999 -9999 -9999 -9999 -9999 -9999 -9999 2194 2195 2195 2196 2197 2198 2199 2200 2200 2201 2202 2203 2204 2205 2206 2206 2206 2207 2208 2209 2209 2210 2211 2212 2213 2214 2214 2215 2216 2217 2217 2218 2219 2219 2220 2221 2221 2222 2223 2223 2224 2224 2225 2226 2227 2228 2225 2226 2226 2226 2227 2227 2227 2228 2228 2229 2150 2150 2150 2150 2150
-9999 -9999 -9999 -9999 -9999 -9999 -9999 -9999 -9999 -9999 -9999 -9999 -9999 -9999 -9999 -9999 -9999 -9999 -9999 -9999 -9999 -9999 2195 2196 2196 2197 2198 2199 2200 2201 2201 2202 2203 2204 2205 2206 2205 2206 2207 2208 2209 2210 2211 2211 2212 2213 2214 2215 2216 2216 2217 2218 2219 2219 2220 2221 2221 2222 2223 2224 2224 2224 2226 2226 2227 2228 2228 2226 2226 2226 2227 2227 2228 2228 2228 2229 2229 2229 2150 2150 2150 2150
-9999 -9999 -9999 -9999 -9999 -9999 -9999 -9999 -9999 -9999 -9999 -9999 -9999 -9999 -9999 -9999 -9999 -9999 -9999 -9999 -9999 -9999 2195 2196 2197 2197 2198 2199 2200 2201 2202 2202 2203 2204 2205 2205 2206 2207 2207 2209 2209 2210 2211 2212 2213 2214 2214 2215 2216 2217 2217 2218 2219 2220 2220 2221 2222 2222 2224 2224 2225 2226 2226 2227 2228 2228 2229 2227 2227 2227 2227 2228 2228 2229 2229 2229 2229 2230 2150 2150 2150 2150
-9999 -9999 -9999 -9999 -9999 -9999 -9999 -9999 -9999 -9999 -9999 -9999 -9999 -9999 -9999 -9999 -9999 -9999 -9999 -9999 -9999 2194 2195 2196 2196 2197 2198 2199 2200 2201 2202 2203 2204 2205 2204 2205 2206 2207 2208 2209 2210 2210 2211 2212 2213 2214 2215 2216 2217 2217 2218 2219 2220 2220 2221 2222 2223 2223 2224 2225 2226 2226 2228 2228 2228 2229 2229 2228 2227 2228 2228 2228 2228 2230 2230 2230 2230 2230 2150 2150 2150 2150
-9999 -9999 -9999 -9999 -9999 -9999 -9999 -9999 -9999 -9999 -9999 -9999 -9999 -9999 -9999 -9999 -9999 -9999 -9999 -9999 -9999 2194 2195 2196 2197 2198 2198 2199 2200 2201 2202 2203 2204 2204 2205 2205 2206 2207 2208 2209 2210 2211 2212 2213 2214 2214 2216 2216 2217 2218 2219 2219 2220 2221 2222 2222 2223 2224 2224 2226 2226 2228 2228 2228 2229 2229 2230 2230 2229 2229 2228 2229 2229 2230 2230 2230 2231 2231 2150 2150 2150 2150
-9999 -9999 -9999 -9999 -9999 -9999 -9999 -9999 -9999 -9999 -9999 -9999 -9999 -9999 -9999 -9999 -9999 -9999 -9999 2192 2193 2194 2195 2196 2196 2197 2198 2199 2200 2200 2201 2202 2203 2203 2204 2205 2206 2207 2207 2209 2210 2211 2211 2212 2213 2214 2215 2216 2217 2218 2218 2219 2220 2221 2222 2222 2223 2224 2225 2226 2227 2228 2228 2229 2229 2230 2230 2231 2229 2229 2229 2229 2229 2230 2231 2231 2150 2150 2150 2150 2150 2150
-9999 -9999 -9999 -9999 -9999 -9999 -9999 -9999 -9999 -9999 -9999 -9999 -9999 -9999 -9999 -9999 -9999 -9999 -9999 2191 2192 2193 2194 2195 2196 2197 2198 2199 2200 2201 2201 2202 2202 2203 2204 2205 2206 2207 2208 2209 2210 2211 2212 2213 2214 2215 2215 2216 2217 2218 2219 2220 2221 2221 2222 2223 2224 2225 2225 2227 2228 2229 2229 2230 2230 2231 2231 2231 2230 2230 2230 2230 2231 2231 2231 2150 2150 2150 2150 2150 2150 2150
-9999 -9999 -9999 -9999 -9999 -9999 -9999 -9999 -9999 -9999 -9999 -9999 -9999 -9999 -9999 -9999 -9999 -9999 -9999 -9999 2192 2193 2194 2195 2196 2197 2198 2199 2200 2201 2202 2202 2202 2203 2204 2206 2206 2207 2208 2210 2211 2211 2212 2213 2214 2215 2216 2217 2218 2219 2220 2220 2221 2222 2223 2224 2225 2225 2226 2228 2229 2229 2230 2230 2230 2231 2232 2232 2230 2231 2230 2231 2231 2232 2232 2150 2150 2150 2150 2150 2150 2150
-9999 -9999 -9999 -9999 -9999 -9999 -9999 -9999 -9999 -9999 -9999 -9999 -9999 -9999 -9999 -9999 -9999 -9999 -9999 2191 2192 2193 2194 2195 2196 2197 2198 2199 2200 2201 2201 2202 2203 2204 2205 2206 2207 2208 2208 2210 2211 2212 2213 2214 2215 2216 2217 2217 2218 2219 2220 2221 2222 2223 2224 2224 2225 2226 2227 2229 2229 2230 2230 2231 2231 2232 2232 2233 2231 2232 2232 2232 2232 2232 2235 2150 2150 2150 2150 2150 2150 2150
-9999 -9999 -9999 -9999 -9999 -9999 -9999 -9999 -9999 -9999 -9999 -9999 -9999 -9999 -9999 -9999 -9999 -9999 -9999 2191 2192 2193 2194 2195 2196 2197 2198 2199 2200 2200 2201 2202 2203 2204 2205 2206 2207 2208 2209 2211 2211 2212 2213 2214 2215 2216 2217 2218 2219 2220 2221 2222 2223 2223 2224 2225 2226 2226 2228 2229 2230 2230 2231 2231 2232 2233 2233 2234 2234 2234 2236 2235 2235 2235 2236 2150 2150 2150 2150 2150 2150 2150
-9999 -9999 -9999 -9999 -9999 -9999 -9999 -9999 -9999 -9999 -9999 -9999 -9999 -9999 -9999 -9999 -9999 -9999 2190 2191 2192 2193 2194 2195 2196 2197 2198 2199 2200 2200 2201 2202 2203 2204 2205 2206 2207 2208 2210 2211 2212 2213 2214 2215 2216 2217 2218 2219 2219 2221 2222 2223 2223 2224 2225 2226 2226 2227 2228 2230 2230 2231 2232 2232 2233 2233 2234 2234 2235 2237 2237 2236 2236 2236 2150 2150 2150 2150 2150 2150 2150 2150
-9999 -9999 -9999 -9999 -9999 -9999 -9999 -9999 -9999 -9999 -9999 -9999 -9999 -9999 -9999 -9999 -9999 -9999 2190 2191 2192 2193 2194 2195 2196 2197 2198 2199 2199 2200 2201 2202 2203 2204 2206 2207 2208 2209 2210 2212 2212 2213 2214 2215 2216 2217 2218 2219 2220 2221 2222 2223 2224 2225 2226 2226 2227 2228 2228 2230 2231 2232 2232 2233 2233 2234 2235 2235 2235 2237 2237 2237 2237 2237 2150 2150 2150 2150 2150 2150 2150 -9999
-9999 -9999 -9999 -9999 -9999 -9999 -9999 -9999 -9999 -9999 -9999 -9999 -9999 -9999 -9999 -9999 -9999 -9999 2190 2191 2192 2193 2194 2195 2196 2197 2198 2198 2199 2200 2202 2203 2204 2205 2206 2207 2208 2209 2210 2212 2213 2214 2215 2216 2217 2218 2219 2220 2221 2222 2223 2224 2225 2225 2226 2227 2228 2228 2229 2231 2231 2232 2233 2234 2235 2235 2235 2236 2238 2238 2238 2238 2237 2237 2150 2150 2150 2150 2150 2150 -9999 -9999
-9999 -9999 -9999 -9999 -9999 -9999 -9999 -9999 -9999 -9999 -9999 -9999 -9999 -9999 -9999 -9999 2188 2189 2190 2191 2192 2193 2194 2195 2196 2197 2197 2198 2200 2201 2202 2203 2204 2205 2206 2207 2208 2210 2211 2212 2213 2215 2216 2217 2218 2218 2219 2221 2221 2222 2223 2224 2225 2226 2227 2228 2229 2229 2230 2231 2232 2233 2234 2235 2235 2236 2236 2236 2238 2239 2239 2239 2238 2238 2150 2150 2150 2150 2150 2150 -9999 -9999
-9999 -9999 -9999 -9999 -9999 -9999 -9999 -9999 -9999 2183 2184 2185 2186 2187 2187 2188 2188 2189 2190 2191 2192 2193 2194 2195 2197 2197 2198 2199 2200 2201 2202 2203 2204 2205 2207 2208 2209 2210 2211 2213 2214 2215 2216 2217 2218 2219 2220 2221 2222 2223 2224 2225 2226 2227 2228 2228 2229 2230 2231 2232 2233 2233 2234 2235 2236 2236 2237 2238 2239 2239 2240 2240 2239 2239 2239 2150 2150 2150 2150 -9999 -9999 -9999
-9999 -9999 -9999 -9999 -9999 -9999 -9999 -9999 2182 2182 2183 2184 2185 2186 2187 2188 2189 2189 2190 2191 2192 2193 2194 2196 2196 2197 2198 2199 2200 2201 2202 2203 2204 2205 2207 2208 2210 2211 2212 2213 2214 2215 2216 2217 2218 2219 2220 2221 2223 2224 2225 2225 2227 2227 2228 2229 2230 2231 2231 2233 2233 2235 2235 2236 2237 2237 2239 2239 2240 2240 2240 2241 2239 2240 2240 2150 2150 2150 -9999 -9999 -9999 -9999
-9999 -9999 -9999 -9999 -9999 -9999 -9999 -9999 2181 2182 2183 2184 2185 2186 2187 2188 2189 2190 2190 2191 2192 2193 2194 2195 2196 2197 2198 2199 2200 2201 2202 2204 2205 2206 2207 2209 2210 2211 2212 2213 2215 2216 2217 2218 2219 2220 2221 2222 2223 2224 2225 2226 2227 2228 2229 2230 2230 2231 2232 2234 2235 2235 2236 2236 2237 2238 2240 2240 2241 2241 2241 2241 2241 2240 2240 2150 2150 2150 -9999 -9999 -9999 -9999
-9999 -9999 -9999 -9999 -9999 -9999 -9999 2180 2181 2182 2183 2184 2185 2186 2187 2188 2189 2190 2191 2192 2192 2194 2193 2195 2196 2197 2198 2199 2201 2202 2203 2204 2205 2206 2208 2209 2210 2211 2212 2214 2215 2216 2217 2218 2219 2220 2221 2222 2223 2225 2226 2227 2228 2229 2230 2231 2231 2232 2233 2235 2235 2236 2237 2237 2238 2240 2240 2241 2241 2241 2242 2242 2242 2241 2150 2150 2150 2150 -9999 -9999 -9999 -9999
-9999 -9999 -9999 -9999 -9999 -9999 -9999 2180 2181 2182 2183 2184 2185 2186 2187 2188 2189 2190 2191 2192 2193 2192 2194 2195 2196 2197 2199 2200 2201 2202 2203 2204 2205 2207 2208 2209 2210 2211 2212 2214 2215 2216 2218 2219 2220 2221 2222 2223 2224 2225 2227 2228 2228 2229 2230 2231 2232 2233 2234 2236 2236 2237 2237 2238 2240 2240 2241 2242 2242 2242 2242 2243 2243 2242 2150 2150 2150 2150 -9999 -9999 -9999 -9999
-9999 -9999 -9999 -9999 -9999 -9999 -9999 2180 2180 2182 2183 2184 2185 2186 2187 2188 2189 2190 2191 2192 2192 2192 2194 2195 2196 2197 2198 2200 2201 2202 2203 2204 2206 2207 2208 2209 2211 2212 2213 2214 2215 2217 2218 2219 2220 2221 2223 2224 2225 2226 2227 2228 2229 2230 2231 2232 2233 2234 2235 2236 2237 2238 2239 2239 2240 2241 2241 2242 2243 2243 2243 2244 2150 2150 2150 2150 2150 -9999 -9999 -9999 -9999 -9999
-9999 -9999 -9999 -9999 -9999 -9999 -9999 2179 2180 2181 2182 2183 2184 2186 2187 2188 2189 2190 2191 2191 2192 2193 2194 2195 2196 2197 2198 2200 2201 2202 2203 2204 2206 2207 2208 2209 2211 2212 2213 2215 2216 2217 2218 2219 2221 2222 2223 2224 2226 2227 2228 2229 2230 2231 2232 2233 2234 2235 2236 2238 2238 2239 2239 2241 2241 2242 2242 2243 2244 2244 2244 2150 2150 2150 2150 2150 2150 2150 -9999 -9999 -9999 -9999
-9999 -9999 -9999 -9999 -9999 -9999 -9999 2179 2180 2181 2182 2183 2184 2185 2186 2187 2188 2189 2191 2191 2192 2193 2194 2195 2196 2197 2198 2200 2201 2202 2203 2205 2206 2207 2209 2210 2211 2212 2214 2215 2216 2218 2219 2220 2221 2222 2224 2225 2226 2227 2228 2230 2231 2232 2233 2233 2235 2236 2236 2238 2239 2240 2240 2241 2242 2242 2243 2243 2244 2245 2245 2245 2245 2150 2150 2150 2150 2150 -9999 -9999 -9999 -9999
-9999 -9999 -9999 -9999 -9999 -9999 2178 2179 2180 2181 2182 2183 2184 2185 2186 2187 2188 2190 2190 2191 2192 2193 2194 2196 2196 2197 2199 2200 2201 2202 2204 2205 2206 2207 2209 2210 2211 2212 2214 2215 2217 2218 2219 2220 2222 2223 2224 2226 2227 2228 2229 2230 2231 2232 2233 2235 2236 2237 2238 2239 2240 2241 2242 2242 2243 2243 2244 2244 2244 2245 2246 2246 2246 2150 2150 2150 2150 2150 -9999 -9999 -9999 -9999
-9999 -9999 -9999 -9999 -9999 2176 2177 2178 2179 2180 2181 2182 2184 2185 2186 2187 2188 2188 2190 2191 2192 2193 2194 2196 2197 2197 2199 2200 2201 2202 2204 2205 2206 2208 2209 2210 2211 2213 2214 2216 2217 2218 2220 2221 2222 2224 2225 2226 2227 2228 2230 2231 2232 2233 2235 2236 2237 2238 2238 2240 2241 2242 2242 2243 2244 2244 2245 2245 2245 2245 2246 2247 2247 2247 2150 2150 2150 -9999 -9999 -9999 -9999 -9999
