bin/Debug/DLS/DLS/Input/sc1gr0.grid
ncols         109
nrows         140
xllcorner     1129355.625
yllcorner     4033173
cellsize      1000
NODATA_value  -9999
[rows 72 to 107 of 140, columns 0 to 81 of 109]
-9999 -9999 -9999 -9999 -9999 4676 4676 4676 4679 4679 4682 4682 4685 4688 4685 4685 4682 4691 4691 4691 4688 4688 4694 4694 4691 4694 4688 4688 4685 4685 4685 4685 4691 4688 4688 4688 4688 4685 4685 4685 4685 4685 4685 4688 4688 4688 4688 4688 4688 4691 4697 4707 4707 4710 4710 4710 4716 4725 4725 4731 4734 4734 4734 4743 4743 4749 4752 4755 4755 4758 4762 4762 4768 4768 4771 4771 4701 4701 4701 -9999 -9999 -9999
-9999 -9999 -9999 -9999 -9999 -9999 4679 4679 4679 4685 4685 4685 4688 4688 4685 4685 4682 4688 4691 4691 4694 4688 4694 4694 4694 4697 4694 4688 4688 4688 4685 4685 4688 4691 4688 4688 4688 4688 4688 4688 4688 4688 4688 4688 4688 4688 4688 4688 4691 4697 4707 4707 4710 4710 4710 4716 4725 4725 4731 4734 4734 4734 4743 4746 4746 4752 4755 4758 4762 4762 4768 4768 4768 4771 4774 4774 4701 4701 4701 -9999 -9999 -9999
-9999 -9999 -9999 -9999 -9999 -9999 -9999 -9999 -9999 -9999 4695 4695 4691 4688 4685 4685 4685 4688 4691 4694 4694 4698 4694 4694 4694 4697 4694 4694 4688 4688 4688 4685 4688 4694 4691 4691 4688 4688 4688 4688 4688 4688 4688 4688 4688 4688 4688 4694 4697 4701 4707 4710 4710 4710 4713 4725 4725 4731 4734 4734 4734 4743 4746 4746 4752 4755 4758 4762 4762 4768 4768 4771 4774 4774 4774 4774 4701 4701 4701 4701 -9999 -9999
-9999 -9999 -9999 -9999 -9999 -9999 -9999 -9999 -9999 4695 4695 4695 4695 4692 4685 4688 4685 4688 4691 4697 4697 4701 4698 4694 4697 4700 4697 4694 4694 4688 4688 4688 4688 4691 4694 4694 4691 4691 4688 4688 4688 4688 4688 4688 4691 4694 4694 4701 4701 4707 4710 4710 4710 4716 4722 4725 4731 4734 4734 4734 4743 4746 4749 4752 4755 4758 4762 4768 4768 4768 4774 4774 4774 4774 4777 4777 4777 4701 4701 4701 -9999 -9999
-9999 -9999 -9999 -9999 -9999 -9999 -9999 -9999 4695 4695 4695 4695 4692 4695 4695 4691 4688 4688 4694 4697 4697 4701 4701 4698 4697 4697 4697 4697 4694 4694 4691 4688 4691 4691 4691 4694 4694 4694 4694 4694 4694 4694 4694 4694 4694 4697 4701 4701 4707 4710 4710 4710 4716 4722 4725 4728 4734 4734 4734 4743 4746 4752 4755 4755 4762 4762 4768 4768 4774 4774 4774 4777 4777 4777 4780 4780 4780 4701 4701 4701 -9999 -9999
-9999 -9999 -9999 -9999 -9999 -9999 -9999 -9999 4695 4695 4695 4695 4695 4695 4695 4695 4698 4688 4691 4697 4697 4704 4701 4701 4701 4697 4700 4697 4697 4694 4698 4694 4694 4691 4694 4694 4697 4697 4697 4694 4694 4697 4697 4697 4697 4701 4701 4710 4710 4710 4713 4719 4722 4725 4728 4734 4734 4734 4743 4746 4752 4755 4755 4762 4765 4768 4771 4774 4774 4777 4777 4780 4780 4780 4780 4783 4701 4701 4701 4701 -9999 -9999
-9999 -9999 -9999 -9999 -9999 -9999 -9999 4698 4698 4698 4698 4698 4698 4698 4695 4695 4698 4695 4691 4697 4697 4704 4701 4704 4704 4701 4704 4700 4697 4697 4701 4698 4697 4697 4694 4694 4694 4697 4697 4697 4697 4697 4697 4697 4701 4704 4710 4710 4710 4716 4719 4722 4725 4728 4734 4734 4734 4743 4746 4752 4755 4755 4762 4765 4768 4774 4774 4774 4777 4780 4780 4780 4783 4783 4783 4701 4701 4701 4701 4701 -9999 -9999
-9999 -9999 -9999 -9999 -9999 -9999 -9999 4698 4698 4698 4698 4698 4698 4698 4698 4701 4698 4698 4701 4701 4701 4704 4707 4704 4704 4704 4704 4704 4700 4697 4701 4704 4704 4701 4700 4700 4697 4694 4697 4697 4697 4701 4701 4704 4704 4707 4710 4716 4719 4722 4722 4725 4725 4734 4734 4734 4743 4746 4752 4755 4758 4762 4768 4768 4774 4774 4777 4780 4780 4780 4783 4783 4789 4789 4701 4701 4701 4701 4701 4701 4701 -9999
-9999 -9999 -9999 -9999 -9999 -9999 -9999 4698 4698 4698 4698 4698 4698 4698 4698 4701 4701 4704 4698 4701 4704 4707 4707 4704 4704 4704 4707 4704 4704 4704 4701 4704 4704 4704 4707 4707 4704 4704 4700 4704 4704 4701 4704 4707 4716 4719 4719 4719 4722 4722 4725 4725 4734 4734 4734 4743 4743 4752 4755 4758 4762 4768 4771 4774 4774 4777 4780 4780 4783 4786 4789 4789 4792 4701 4701 4701 4701 4701 4701 4701 4701 -9999
-9999 -9999 -9999 -9999 -9999 -9999 4698 4701 4698 4698 4698 4698 4698 4698 4704 4704 4704 4704 4704 4704 4704 4710 4710 4707 4704 4704 4707 4707 4707 4704 4707 4707 4704 4704 4707 4707 4707 4707 4707 4707 4710 4713 4713 4716 4719 4722 4722 4722 4722 4725 4725 4734 4734 4737 4743 4746 4752 4755 4758 4762 4768 4771 4774 4777 4780 4780 4783 4786 4789 4789 4795 4795 4701 4701 4701 4701 4701 4701 4701 4701 4701 4701
-9999 -9999 -9999 -9999 -9999 -9999 4701 4704 4704 4704 4701 4701 4701 4701 4704 4704 4704 4707 4707 4710 4710 4710 4710 4710 4707 4704 4707 4707 4707 4707 4713 4710 4710 4707 4710 4710 4707 4707 4707 4707 4707 4713 4719 4719 4722 4722 4722 4722 4725 4728 4734 4734 4737 4740 4746 4752 4755 4758 4762 4768 4774 4774 4777 4780 4780 4783 4789 4789 4795 4798 4801 4701 4701 4701 4701 4701 4701 4701 4701 4701 4701 4701
-9999 -9999 -9999 -9999 -9999 4701 4701 4701 4704 4704 4704 4704 4704 4701 4704 4704 4707 4707 4707 4710 4713 4716 4713 4710 4710 4710 4707 4707 4707 4707 4713 4713 4710 4710 4710 4710 4710 4710 4710 4710 4713 4716 4719 4722 4722 4722 4722 4722 4728 4734 4737 4740 4743 4746 4752 4755 4758 4762 4768 4774 4774 4777 4780 4780 4786 4789 4795 4798 4801 4804 4701 4701 4701 4701 4701 4701 4701 4701 4701 4701 4701 4701
-9999 -9999 -9999 -9999 -9999 4707 4704 4701 4701 4704 4704 4704 4704 4707 4707 4707 4707 4707 4707 4710 4710 4716 4716 4716 4710 4710 4713 4710 4707 4710 4713 4713 4713 4713 4716 4713 4713 4710 4710 4713 4713 4716 4719 4722 4722 4722 4725 4728 4731 4737 4743 4743 4746 4752 4755 4758 4762 4768 4774 4774 4777 4780 4783 4786 4789 4795 4801 4804 4804 4804 4701 4701 4701 4701 4701 4701 4701 4701 4701 4701 4701 4701
-9999 -9999 -9999 -9999 -9999 -9999 -9999 4707 4704 4707 4704 4704 4704 4707 4707 4710 4710 4707 4707 4710 4710 4716 4716 4716 4716 4716 4713 4713 4713 4716 4713 4713 4713 4713 4716 4716 4716 4716 4716 4719 4719 4716 4719 4725 4728 4728 4734 4734 4743 4743 4743 4749 4749 4755 4758 4762 4768 4771 4774 4777 4780 4783 4789 4792 4798 4801 4804 4804 4804 4810 4701 4701 4701 4701 4701 4701 4701 4701 4701 4701 4701 4701
-9999 -9999 -9999 -9999 -9999 -9999 -9999 4707 4707 4707 4707 4707 4707 4707 4707 4710 4710 4710 4710 4710 4710 4716 4716 4716 4716 4716 4719 4719 4716 4719 4716 4716 4716 4716 4716 4716 4716 4716 4719 4722 4722 4725 4728 4731 4731 4731 4734 4740 4743 4743 4746 4749 4755 4758 4758 4768 4771 4774 4777 4780 4783 4789 4792 4798 4804 4804 4804 4810 4813 4816 4701 4701 4701 4701 4701 4701 4701 4701 4701 4701 4701 4701
-9999 -9999 -9999 -9999 -9999 -9999 -9999 -9999 -9999 4707 4710 4710 4710 4710 4710 4710 4710 4710 4710 4713 4713 4716 4716 4716 4719 4716 4719 4722 4722 4725 4722 4716 4716 4716 4719 4719 4719 4719 4725 4725 4725 4728 4728 4731 4734 4737 4740 4743 4746 4746 4749 4752 4758 4758 4768 4771 4774 4774 4777 4783 4792 4792 4798 4804 4804 4807 4810 4816 4816 4816 4816 4701 4701 4701 4701 4701 4701 4701 4701 4816 4816 4816
-9999 -9999 -9999 -9999 -9999 -9999 -9999 -9999 -9999 -9999 4713 4710 4713 4710 4710 4713 4713 4710 4710 4713 4716 4716 4722 4719 4719 4719 4725 4725 4725 4728 4728 4728 4725 4719 4722 4722 4719 4722 4725 4725 4728 4731 4731 4734 4737 4740 4743 4746 4746 4749 4749 4758 4762 4768 4768 4774 4774 4777 4780 4789 4792 4798 4804 4804 4810 4813 4816 4816 4820 4823 4823 4701 4701 4701 4701 4701 4820 4820 4820 4816 4701 4701
-9999 -9999 -9999 -9999 -9999 -9999 -9999 -9999 -9999 -9999 -9999 4716 4716 4716 4716 4716 4716 4716 4716 4716 4716 4716 4722 4722 4719 4722 4725 4725 4725 4728 4728 4728 4728 4728 4728 4725 4725 4731 4731 4731 4731 4734 4734 4734 4740 4743 4746 4746 4746 4749 4758 4765 4765 4768 4771 4774 4777 4780 4786 4792 4795 4804 4804 4810 4813 4816 4816 4823 4823 4823 4823 4701 4701 4826 4826 4826 4826 4826 4823 4701 -9999 -9999
-9999 -9999 -9999 -9999 -9999 -9999 -9999 -9999 -9999 -9999 -9999 4716 4719 4716 4719 4719 4716 4716 4716 4719 4719 4716 4725 4722 4725 4722 4725 4725 4728 4728 4728 4728 4728 4728 4731 4731 4734 4731 4731 4731 4734 4734 4734 4737 4743 4743 4746 4746 4752 4756 4765 4765 4768 4768 4774 4774 4780 4786 4792 4795 4801 4804 4807 4810 4816 4816 4823 4823 4823 4826 4826 4829 4829 4829 4829 4829 4829 4826 4826 -9999 -9999 -9999
-9999 -9999 -9999 -9999 -9999 -9999 -9999 -9999 -9999 -9999 -9999 4719 4722 4722 4722 4722 4719 4716 4716 4719 4719 4719 4728 4728 4728 4728 4728 4725 4728 4728 4728 4728 4728 4728 4731 4731 4737 4737 4737 4737 4737 4737 4737 4740 4746 4749 4749 4749 4756 4762 4765 4765 4768 4771 4777 4780 4786 4789 4792 4798 4804 4807 4813 4816 4816 4823 4823 4823 4826 4829 4832 4832 4832 4832 4832 4832 4832 4829 -9999 -9999 -9999 -9999
-9999 -9999 -9999 -9999 -9999 -9999 -9999 -9999 -9999 -9999 4716 4722 4722 4725 4722 4722 -9999 4722 4725 4722 4719 4719 4719 4731 4728 4728 4731 4731 4728 4728 4728 4728 4728 4731 4731 4734 4737 4737 4737 4737 4740 4740 4740 4743 4746 4749 4749 4756 4759 4765 4765 4768 4771 4777 4777 4780 4789 4792 4798 4804 4810 4810 4816 4816 4823 4823 4823 4826 4832 4832 4832 4832 4832 4832 4832 4832 4832 -9999 -9999 -9999 -9999 -9999
-9999 -9999 -9999 -9999 -9999 -9999 -9999 -9999 -9999 4713 4716 4722 4722 4725 4725 -9999 -9999 4722 4725 -9999 -9999 4722 4719 4731 4731 4734 4734 4731 4734 4734 4728 4728 4728 4731 4734 4734 4737 4737 4737 4737 4740 4740 4743 4746 4749 4755 4755 4762 4765 4768 4768 4771 4774 4777 4777 4783 4798 4801 4804 4804 4810 4813 4816 4823 4823 4823 4826 4832 4832 4832 4832 4832 4832 4832 4832 4832 -9999 -9999 -9999 -9999 -9999 -9999
-9999 -9999 -9999 -9999 -9999 -9999 -9999 -9999 -9999 -9999 4716 4725 4725 -9999 -9999 -9999 4725 -9999 -9999 -9999 -9999 -9999 4725 4734 4731 4734 4734 4737 4737 4737 4734 4731 4728 4731 4734 4737 4737 4737 4737 4737 4740 4740 4746 4746 4752 4759 4759 4762 4765 4768 4768 4771 4774 4783 4789 4798 4798 4801 4804 4810 4810 4813 4816 4823 4823 4826 4829 4832 4832 4832 4832 4832 4832 4832 4832 -9999 -9999 -9999 -9999 -9999 -9999 -9999
-9999 -9999 -9999 -9999 -9999 -9999 -9999 -9999 -9999 -9999 -9999 4725 -9999 -9999 -9999 -9999 -9999 -9999 -9999 -9999 -9999 -9999 -9999 -9999 -9999 4737 4734 4737 4737 4737 4737 4737 4737 4737 4734 4737 4737 4737 4737 4737 4740 4740 4746 4752 4759 4759 4762 4762 4768 4768 4777 4780 4780 4786 4798 4798 4801 4801 4804 4810 4813 4816 4820 4823 4823 4826 4832 4832 4832 4832 -9999 4832 -9999 -9999 -9999 -9999 -9999 -9999 -9999 -9999 -9999 -9999
-9999 -9999 -9999 -9999 -9999 -9999 -9999 -9999 -9999 -9999 -9999 -9999 -9999 -9999 -9999 -9999 -9999 -9999 -9999 -9999 -9999 -9999 -9999 -9999 -9999 4740 4743 4743 4743 4737 4737 4737 4740 4743 4743 4743 4740 4740 4740 4743 4743 4749 4752 4752 4759 4759 4762 4771 4774 4777 4777 4783 4786 4792 4798 4798 4801 4801 4804 4810 4813 4816 4823 4823 4823 4829 4832 4832 -9999 -9999 -9999 -9999 -9999 -9999 -9999 -9999 -9999 -9999 -9999 -9999 -9999 -9999
-9999 -9999 -9999 -9999 -9999 -9999 -9999 -9999 -9999 -9999 -9999 -9999 -9999 -9999 -9999 -9999 -9999 -9999 -9999 -9999 -9999 -9999 -9999 -9999 -9999 4740 4743 4743 4743 4743 4743 4746 4746 4749 4749 4746 4746 4746 4746 4746 4746 4752 4752 4752 4768 4768 4768 4771 4777 4780 4780 4783 4789 4792 4798 4798 4801 4801 4804 4810 4813 4816 4823 4823 4823 4829 4832 -9999 -9999 -9999 -9999 -9999 -9999 -9999 -9999 -9999 -9999 -9999 -9999 -9999 -9999 -9999
-9999 -9999 -9999 -9999 -9999 -9999 -9999 -9999 -9999 -9999 -9999 -9999 -9999 -9999 -9999 -9999 -9999 -9999 -9999 -9999 -9999 -9999 -9999 -9999 -9999 4731 4746 4743 4743 4743 4746 4746 4746 4749 4752 4752 4752 4752 4755 4752 4752 4752 4765 4768 4768 4771 4771 4774 4777 4780 4780 4783 4792 4792 4798 4798 4801 4801 4804 4810 4813 4816 4823 4823 4823 4829 -9999 -9999 -9999 -9999 -9999 -9999 -9999 -9999 -9999 -9999 -9999 -9999 -9999 -9999 -9999 -9999
-9999 -9999 -9999 -9999 -9999 -9999 -9999 -9999 -9999 -9999 -9999 -9999 -9999 -9999 -9999 -9999 -9999 -9999 -9999 -9999 -9999 -9999 -9999 -9999 -9999 4731 4752 4752 4749 4753 4753 4753 4756 4756 4752 4749 4749 4752 4755 4755 4755 4759 4762 4768 4768 4771 4771 4774 4777 4780 4780 4786 4792 4792 4798 4798 4801 4801 4804 4807 4813 4816 4823 4823 4823 4829 -9999 -9999 -9999 -9999 -9999 -9999 -9999 -9999 -9999 -9999 -9999 -9999 -9999 -9999 -9999 -9999
-9999 -9999 -9999 -9999 -9999 -9999 -9999 -9999 -9999 -9999 -9999 -9999 -9999 -9999 -9999 -9999 -9999 -9999 -9999 -9999 -9999 -9999 -9999 -9999 -9999 -9999 4752 4752 4752 4756 4753 4753 4756 4756 4756 4759 4759 4755 4755 4755 4755 4762 4768 4768 4768 4768 4771 4774 4777 4780 4780 4786 4792 4792 4798 4798 4801 4801 4804 4807 4813 4816 4823 4823 -9999 -9999 -9999 -9999 -9999 -9999 -9999 -9999 -9999 -9999 -9999 -9999 -9999 -9999 -9999 -9999 -9999 -9999
-9999 -9999 -9999 -9999 -9999 -9999 -9999 -9999 -9999 -9999 -9999 -9999 -9999 -9999 -9999 -9999 -9999 -9999 -9999 -9999 -9999 -9999 -9999 -9999 -9999 -9999 -9999 -9999 -9999 4756 4756 4756 4756 4756 4756 4759 4759 4762 4762 4762 4759 4765 4768 4771 4768 4768 4771 4774 4777 4780 4783 4786 4792 4792 4798 4798 4801 4801 4804 4807 4813 4813 4823 4823 -9999 -9999 -9999 -9999 -9999 -9999 -9999 -9999 -9999 -9999 -9999 -9999 -9999 -9999 -9999 -9999 -9999 -9999
-9999 -9999 -9999 -9999 -9999 -9999 -9999 -9999 -9999 -9999 -9999 -9999 -9999 -9999 -9999 -9999 -9999 -9999 -9999 -9999 -9999 -9999 -9999 -9999 -9999 -9999 -9999 -9999 -9999 -9999 4756 4756 4759 4756 4756 4759 4759 4762 4762 4765 4765 4765 4771 4774 4771 4771 4768 4774 4777 4780 4783 4789 4792 4792 4795 4798 4801 4801 4804 4807 4807 4813 4823 -9999 -9999 -9999 -9999 -9999 -9999 -9999 -9999 -9999 -9999 -9999 -9999 -9999 -9999 -9999 -9999 -9999 -9999 -9999
-9999 -9999 -9999 -9999 -9999 -9999 -9999 -9999 -9999 -9999 -9999 -9999 -9999 -9999 -9999 -9999 -9999 -9999 -9999 -9999 -9999 -9999 -9999 -9999 -9999 -9999 -9999 -9999 -9999 -9999 -9999 4756 4759 4759 4756 4759 4759 4762 4762 4765 4765 4765 4771 4774 4774 4774 4771 4777 4777 4783 4783 4789 4792 4792 4795 4798 4801 4801 4804 4804 4807 4813 4820 -9999 -9999 -9999 -9999 -9999 -9999 -9999 -9999 -9999 -9999 -9999 -9999 -9999 -9999 -9999 -9999 -9999 -9999 -9999
-9999 -9999 -9999 -9999 -9999 -9999 -9999 -9999 -9999 -9999 -9999 -9999 -9999 -9999 -9999 -9999 -9999 -9999 -9999 -9999 -9999 -9999 -9999 -9999 -9999 -9999 -9999 -9999 -9999 -9999 -9999 4759 4756 4759 4759 4759 4759 4762 4762 4765 4765 4765 4771 4774 4774 4774 4774 4774 4783 4783 4783 4786 4792 4792 4795 4798 4798 4801 4801 4804 4807 4820 -9999 -9999 -9999 -9999 -9999 -9999 -9999 -9999 -9999 -9999 -9999 -9999 -9999 -9999 -9999 -9999 -9999 -9999 -9999 -9999
-9999 -9999 -9999 -9999 -9999 -9999 -9999 -9999 -9999 -9999 -9999 -9999 -9999 -9999 -9999 -9999 -9999 -9999 -9999 -9999 -9999 -9999 -9999 -9999 -9999 -9999 -9999 -9999 -9999 -9999 4759 4759 4759 4759 4759 4762 4762 4762 4762 4765 4765 4765 4771 4774 4774 4774 4774 4774 4783 4789 4783 4786 4792 4792 4792 4798 4798 4801 4801 4804 4820 4817 -9999 -9999 -9999 -9999 -9999 -9999 -9999 -9999 -9999 -9999 -9999 -9999 -9999 -9999 -9999 -9999 -9999 -9999 -9999 -9999
-9999 -9999 -9999 -9999 -9999 -9999 -9999 -9999 -9999 -9999 -9999 -9999 -9999 -9999 -9999 -9999 -9999 -9999 -9999 -9999 -9999 -9999 -9999 -9999 -9999 -9999 -9999 -9999 -9999 -9999 4762 4759 4759 4762 4759 4762 4765 4765 4762 4768 4765 4765 4771 4771 4774 4774 4777 4777 4783 4789 4789 4789 4789 4792 4792 4795 4798 4801 4819 4823 4820 -9999 -9999 -9999 -9999 -9999 -9999 -9999 -9999 -9999 -9999 -9999 -9999 -9999 -9999 -9999 -9999 -9999 -9999 -9999 -9999 -9999
-9999 -9999 -9999 -9999 -9999 -9999 -9999 -9999 -9999 -9999 -9999 -9999 -9999 -9999 -9999 -9999 -9999 -9999 -9999 -9999 -9999 -9999 -9999 -9999 -9999 -9999 -9999 -9999 -9999 4759 4759 4762 4759 4762 4762 4762 4765 4765 4774 4768 4768 4768 4774 4771 4777 4777 4777 4777 4780 4786 4789 4792 4792 4792 4792 4795 4804 4816 -9999 -9999 -9999 -9999 -9999 -9999 -9999 -9999 -9999 -9999 -9999 -9999 -9999 -9999 -9999 -9999 -9999 -9999 -9999 -9999 -9999 -9999 -9999 -9999
