bin/Debug/DLS/DLS/Input/sc1gr3.grid
ncols         109
nrows         140
xllcorner     1129355.625
yllcorner     4033173
cellsize      1000
NODATA_value  -9999
[rows 72 to 107 of 140, columns 0 to 81 of 109]
-9999 -9999 -9999 -9999 -9999 2176 2177 2178 2179 2180 2181 2182 2183 2184 2186 2187 2187 2188 2189 2191 2192 2193 2194 2195 2197 2198 2199 2200 2201 2202 2204 2205 2206 2208 2209 2210 2212 2213 2214 2216 2217 2219 2220 2222 2223 2224 2225 2227 2228 2229 2230 2231 2233 2234 2235 2236 2237 2238 2238 2240 2241 2242 2243 2243 2244 2244 2245 2245 2246 2246 2246 2247 2248 2248 2150 2150 2150 2150 2150 -9999 -9999 -9999
-9999 -9999 -9999 -9999 -9999 -9999 2177 2178 2179 2180 2181 2182 2183 2184 2186 2186 2187 2188 2188 2189 2190 2192 2193 2194 2195 2197 2198 2199 2200 2201 2203 2204 2205 2206 2208 2209 2211 2212 2213 2215 2216 2218 2219 2220 2222 2223 2224 2226 2227 2228 2230 2231 2233 2234 2235 2236 2237 2238 2239 2241 2242 2243 2244 2244 2245 2245 2246 2246 2246 2247 2248 2248 2248 2248 2150 2150 2150 2150 2150 -9999 -9999 -9999
-9999 -9999 -9999 -9999 -9999 -9999 -9999 -9999 -9999 -9999 2180 2181 2182 2183 2184 2184 2186 2187 2188 2189 2190 2192 2193 2194 2196 2197 2198 2199 2200 2201 2203 2204 2205 2207 2208 2209 2211 2212 2213 2215 2217 2218 2220 2221 2222 2224 2225 2226 2228 2229 2231 2232 2233 2235 2236 2237 2238 2239 2240 2242 2243 2244 2244 2245 2246 2246 2247 2247 2247 2248 2249 2249 2249 2249 2150 2150 2150 2150 2150 2150 -9999 -9999
-9999 -9999 -9999 -9999 -9999 -9999 -9999 -9999 -9999 2178 2179 2181 2182 2183 2183 2184 2185 2186 2188 2189 2190 2191 2193 2194 2195 2197 2197 2199 2200 2202 2203 2204 2205 2207 2208 2210 2211 2212 2214 2215 2217 2218 2220 2221 2223 2224 2225 2227 2229 2230 2232 2233 2234 2235 2236 2237 2238 2240 2241 2242 2244 2245 2245 2246 2247 2247 2247 2248 2249 2249 2249 2250 2250 2250 2150 2150 2150 2150 2150 2150 -9999 -9999
-9999 -9999 -9999 -9999 -9999 -9999 -9999 -9999 2177 2178 2179 2180 2181 2182 2183 2184 2185 2186 2188 2189 2190 2191 2193 2194 2195 2196 2197 2199 2200 2202 2203 2204 2206 2207 2208 2210 2211 2212 2214 2216 2217 2219 2220 2221 2223 2224 2226 2228 2229 2231 2232 2234 2235 2236 2237 2238 2239 2240 2241 2243 2244 2245 2246 2247 2247 2248 2249 2249 2250 2250 2250 2250 2250 2251 2150 2150 2150 2150 2150 2150 -9999 -9999
-9999 -9999 -9999 -9999 -9999 -9999 -9999 -9999 2177 2178 2179 2180 2180 2181 2183 2184 2185 2186 2187 2189 2190 2191 2192 2194 2195 2196 2197 2199 2200 2201 2203 2204 2206 2207 2208 2210 2211 2213 2214 2216 2217 2219 2220 2222 2223 2225 2226 2228 2230 2231 2233 2234 2235 2237 2238 2239 2240 2241 2242 2244 2245 2246 2247 2247 2248 2249 2250 2250 2250 2251 2251 2251 2251 2251 2150 2150 2150 2150 2150 2150 -9999 -9999
-9999 -9999 -9999 -9999 -9999 -9999 -9999 2176 2177 2177 2179 2179 2180 2181 2182 2183 2185 2186 2187 2188 2189 2191 2192 2193 2194 2196 2197 2199 2200 2201 2203 2204 2205 2207 2208 2210 2211 2213 2214 2216 2218 2219 2221 2222 2224 2225 2227 2229 2230 2232 2233 2235 2236 2237 2238 2239 2241 2242 2243 2245 2246 2247 2247 2248 2249 2250 2250 2251 2251 2252 2252 2252 2252 2150 2150 2150 2150 2150 2150 2150 -9999 -9999
-9999 -9999 -9999 -9999 -9999 -9999 -9999 2176 2177 2177 2177 2179 2180 2181 2182 2183 2185 2186 2187 2188 2189 2191 2192 2193 2194 2195 2197 2198 2200 2201 2203 2204 2206 2207 2209 2210 2211 2213 2215 2216 2218 2219 2221 2223 2224 2226 2227 2229 2231 2232 2234 2235 2237 2238 2239 2240 2241 2243 2244 2245 2246 2247 2248 2249 2250 2251 2251 2252 2252 2253 2253 2253 2253 2253 2150 2150 2150 2150 2150 2150 2150 -9999
-9999 -9999 -9999 -9999 -9999 -9999 -9999 2175 2177 2178 2177 2178 2179 2181 2182 2183 2184 2186 2187 2188 2189 2191 2192 2193 2194 2195 2197 2198 2200 2201 2203 2204 2206 2207 2209 2210 2212 2213 2215 2216 2218 2220 2221 2223 2225 2226 2228 2229 2231 2233 2234 2235 2237 2238 2239 2241 2242 2243 2244 2246 2247 2248 2249 2250 2251 2251 2252 2150 2150 2150 2150 2150 2150 2150 2150 2150 2150 2150 2150 2150 2150 -9999
-9999 -9999 -9999 -9999 -9999 -9999 2174 2175 2176 2176 2178 2178 2179 2180 2182 2183 2184 2185 2187 2188 2189 2190 2192 2192 2194 2195 2197 2198 2200 2201 2203 2204 2206 2207 2209 2210 2212 2213 2215 2217 2218 2220 2222 2223 2225 2227 2228 2230 2231 2233 2235 2236 2237 2239 2240 2241 2243 2244 2245 2247 2248 2249 2250 2251 2251 2252 2150 2150 2150 2150 2150 2150 2150 2150 2150 2150 2150 2150 2150 2150 2150 2150
-9999 -9999 -9999 -9999 -9999 -9999 2174 2175 2175 2176 2178 2178 2179 2180 2181 2183 2184 2185 2187 2188 2189 2190 2191 2192 2194 2195 2197 2198 2200 2201 2203 2204 2206 2207 2209 2211 2212 2214 2215 2217 2219 2220 2222 2224 2225 2227 2229 2230 2232 2233 2235 2236 2238 2239 2241 2242 2243 2245 2246 2248 2249 2250 2251 2251 2150 2150 2150 2150 2150 2150 2150 2150 2150 2150 2150 2150 2150 2150 2150 2150 2150 2150
-9999 -9999 -9999 -9999 -9999 2172 2174 2174 2175 2176 2177 2178 2179 2180 2182 2183 2184 2185 2187 2188 2189 2190 2191 2193 2194 2195 2196 2198 2199 2201 2203 2204 2206 2207 2209 2211 2212 2214 2215 2217 2219 2220 2222 2224 2226 2227 2229 2230 2232 2234 2235 2237 2238 2240 2241 2243 2244 2245 2246 2248 2250 2250 2251 2252 2253 2150 2150 2150 2150 2150 2150 2150 2150 2150 2150 2150 2150 2150 2150 2150 2150 2150
-9999 -9999 -9999 -9999 -9999 2172 2172 2173 2174 2176 2177 2178 2179 2180 2181 2183 2184 2185 2186 2188 2189 2190 2191 2192 2194 2195 2197 2198 2199 2201 2203 2204 2206 2207 2209 2211 2212 2214 2216 2217 2219 2221 2222 2224 2226 2227 2229 2231 2232 2234 2236 2237 2239 2240 2242 2243 2244 2246 2247 2249 2250 2251 2252 2253 2253 2150 2150 2150 2150 2150 2150 2150 2150 2150 2150 2150 2150 2150 2150 2150 2150 2150
-9999 -9999 -9999 -9999 -9999 -9999 -9999 2173 2174 2175 2177 2178 2179 2180 2181 2182 2184 2185 2186 2187 2189 2189 2191 2192 2194 2195 2196 2198 2199 2201 2203 2204 2206 2208 2209 2211 2212 2214 2216 2217 2220 2221 2223 2224 2226 2228 2229 2231 2232 2234 2236 2238 2239 2241 2242 2244 2245 2247 2248 2249 2251 2251 2252 2253 2254 2255 2150 2150 2150 2150 2150 2150 2150 2150 2150 2150 2150 2150 2150 2150 2150 2150
-9999 -9999 -9999 -9999 -9999 -9999 -9999 2173 2174 2175 2176 2178 2179 2180 2181 2182 2183 2185 2186 2187 2188 2189 2190 2192 2193 2195 2196 2198 2199 2201 2202 2204 2206 2207 2209 2211 2212 2214 2216 2217 2219 2221 2223 2225 2226 2228 2230 2231 2233 2234 2236 2238 2240 2241 2243 2244 2246 2247 2248 2250 2251 2252 2253 2254 2255 2255 2150 2150 2150 2150 2150 2150 2150 2150 2150 2150 2150 2150 2150 2150 2150 2150
-9999 -9999 -9999 -9999 -9999 -9999 -9999 -9999 -9999 2175 2176 2177 2178 2180 2180 2182 2183 2184 2186 2187 2187 2189 2190 2192 2193 2194 2196 2197 2199 2201 2202 2204 2206 2207 2209 2210 2212 2214 2216 2218 2219 2221 2223 2224 2226 2228 2230 2232 2233 2235 2236 2239 2240 2242 2243 2245 2246 2247 2249 2250 2251 2253 2254 2255 2255 2256 2257 2150 2150 2150 2150 2150 2150 2150 2150 2150 2150 2150 2150 2150 2150 2150
-9999 -9999 -9999 -9999 -9999 -9999 -9999 -9999 -9999 -9999 2176 2177 2178 2179 2181 2181 2183 2184 2185 2186 2187 2188 2190 2191 2193 2194 2196 2197 2199 2201 2202 2204 2205 2207 2209 2210 2212 2214 2216 2218 2219 2221 2223 2224 2226 2228 2230 2232 2233 2235 2237 2239 2240 2242 2244 2245 2247 2248 2249 2251 2252 2253 2254 2255 2256 2256 2257 2150 2150 2150 2150 2150 2150 2150 2150 2150 2150 2150 2150 2150 2150 2150
-9999 -9999 -9999 -9999 -9999 -9999 -9999 -9999 -9999 -9999 -9999 2176 2178 2179 2180 2181 2182 2184 2185 2186 2187 2188 2189 2191 2193 2194 2196 2197 2199 2200 2202 2203 2205 2207 2208 2210 2212 2214 2216 2218 2219 2221 2223 2224 2226 2228 2230 2232 2233 2235 2237 2238 2241 2242 2244 2245 2247 2248 2249 2251 2252 2253 2254 2255 2256 2257 2258 2258 2150 2150 2150 2150 2150 2150 2150 2150 2150 2150 2150 2150 -9999 -9999
-9999 -9999 -9999 -9999 -9999 -9999 -9999 -9999 -9999 -9999 -9999 2176 2177 2178 2180 2181 2182 2183 2185 2185 2186 2188 2189 2191 2192 2194 2195 2197 2199 2200 2202 2203 2205 2206 2208 2210 2212 2214 2216 2217 2219 2221 2223 2224 2226 2228 2230 2231 2233 2235 2237 2239 2241 2242 2244 2245 2247 2248 2250 2251 2252 2254 2255 2256 2256 2257 2258 2259 2259 2260 2260 2150 2150 2150 2150 2150 2150 2150 2150 -9999 -9999 -9999
-9999 -9999 -9999 -9999 -9999 -9999 -9999 -9999 -9999 -9999 -9999 2176 2177 2178 2179 2181 2182 2183 2183 2185 2186 2188 2189 2190 2192 2194 2195 2197 2198 2200 2201 2203 2205 2206 2208 2210 2212 2214 2215 2217 2219 2221 2222 2224 2226 2228 2230 2231 2233 2235 2237 2239 2241 2243 2244 2246 2247 2249 2250 2251 2253 2254 2255 2256 2257 2257 2258 2259 2259 2260 2260 2150 2150 2150 2150 2150 2150 2150 -9999 -9999 -9999 -9999
-9999 -9999 -9999 -9999 -9999 -9999 -9999 -9999 -9999 -9999 2174 2176 2177 2178 2179 2180 -9999 2182 2183 2185 2186 2187 2189 2190 2192 2193 2195 2196 2198 2199 2201 2203 2204 2206 2208 2210 2211 2213 2215 2217 2218 2220 2222 2224 2226 2228 2229 2231 2233 2235 2238 2239 2241 2241 2243 2244 2246 2247 2249 2250 2251 2253 2254 2255 2256 2257 2258 2258 2259 2260 2260 2260 2261 2261 2261 2150 2150 -9999 -9999 -9999 -9999 -9999
-9999 -9999 -9999 -9999 -9999 -9999 -9999 -9999 -9999 2173 2174 2175 2177 2177 2178 -9999 -9999 2181 2182 -9999 -9999 2185 2187 2188 2190 2191 2193 2194 2196 2198 2199 2201 2202 2204 2206 2208 2210 2211 2213 2215 2216 2218 2220 2222 2224 2226 2227 2229 2231 2233 2236 2237 2239 2241 2243 2244 2246 2247 2249 2250 2251 2253 2254 2255 2256 2257 2258 2259 2259 2260 2260 2261 2261 2261 2261 2150 -9999 -9999 -9999 -9999 -9999 -9999
-9999 -9999 -9999 -9999 -9999 -9999 -9999 -9999 -9999 -9999 2172 2174 2175 -9999 -9999 -9999 2180 -9999 -9999 -9999 -9999 -9999 2186 2188 2189 2191 2192 2194 2195 2197 2199 2200 2202 2204 2206 2207 2209 2211 2213 2215 2216 2218 2220 2222 2223 2225 2227 2229 2231 2233 2235 2237 2239 2241 2242 2244 2246 2247 2249 2250 2251 2253 2254 2255 2256 2257 2258 2259 2259 2260 2260 2261 2261 2261 2261 -9999 -9999 -9999 -9999 -9999 -9999 -9999
-9999 -9999 -9999 -9999 -9999 -9999 -9999 -9999 -9999 -9999 -9999 2173 -9999 -9999 -9999 -9999 -9999 -9999 -9999 -9999 -9999 -9999 -9999 -9999 -9999 2190 2192 2193 2195 2197 2198 2200 2202 2204 2205 2207 2209 2211 2212 2214 2216 2217 2220 2221 2223 2225 2227 2229 2231 2233 2235 2237 2239 2240 2242 2244 2245 2247 2248 2250 2251 2252 2254 2255 2256 2257 2258 2259 2259 2260 -9999 2261 -9999 -9999 -9999 -9999 -9999 -9999 -9999 -9999 -9999 -9999
-9999 -9999 -9999 -9999 -9999 -9999 -9999 -9999 -9999 -9999 -9999 -9999 -9999 -9999 -9999 -9999 -9999 -9999 -9999 -9999 -9999 -9999 -9999 -9999 -9999 2190 2192 2194 2195 2196 2198 2200 2201 2203 2205 2207 2208 2210 2212 2214 2215 2217 2219 2221 2223 2225 2226 2228 2231 2233 2235 2237 2238 2240 2242 2244 2245 2247 2248 2250 2251 2252 2254 2255 2256 2257 2258 2258 -9999 -9999 -9999 -9999 -9999 -9999 -9999 -9999 -9999 -9999 -9999 -9999 -9999 -9999
-9999 -9999 -9999 -9999 -9999 -9999 -9999 -9999 -9999 -9999 -9999 -9999 -9999 -9999 -9999 -9999 -9999 -9999 -9999 -9999 -9999 -9999 -9999 -9999 -9999 2190 2191 2193 2195 2197 2198 2200 2201 2203 2204 2206 2208 2210 2212 2213 2215 2217 2219 2220 2222 2224 2227 2229 2231 2233 2235 2236 2238 2240 2242 2243 2245 2246 2248 2249 2251 2252 2253 2255 2255 2257 2257 -9999 -9999 -9999 -9999 -9999 -9999 -9999 -9999 -9999 -9999 -9999 -9999 -9999 -9999 -9999
-9999 -9999 -9999 -9999 -9999 -9999 -9999 -9999 -9999 -9999 -9999 -9999 -9999 -9999 -9999 -9999 -9999 -9999 -9999 -9999 -9999 -9999 -9999 -9999 -9999 2189 2191 2193 2194 2196 2198 2199 2201 2202 2204 2206 2208 2209 2211 2213 2214 2216 2218 2220 2223 2224 2226 2229 2230 2232 2234 2236 2238 2239 2241 2243 2244 2246 2248 2249 2250 2252 2253 2254 2255 2256 -9999 -9999 -9999 -9999 -9999 -9999 -9999 -9999 -9999 -9999 -9999 -9999 -9999 -9999 -9999 -9999
-9999 -9999 -9999 -9999 -9999 -9999 -9999 -9999 -9999 -9999 -9999 -9999 -9999 -9999 -9999 -9999 -9999 -9999 -9999 -9999 -9999 -9999 -9999 -9999 -9999 2189 2190 2192 2194 2196 2197 2199 2200 2202 2203 2205 2207 2209 2211 2213 2214 2216 2217 2220 2222 2224 2226 2228 2230 2232 2233 2235 2237 2239 2241 2242 2244 2245 2247 2249 2250 2251 2252 2253 2254 2256 -9999 -9999 -9999 -9999 -9999 -9999 -9999 -9999 -9999 -9999 -9999 -9999 -9999 -9999 -9999 -9999
-9999 -9999 -9999 -9999 -9999 -9999 -9999 -9999 -9999 -9999 -9999 -9999 -9999 -9999 -9999 -9999 -9999 -9999 -9999 -9999 -9999 -9999 -9999 -9999 -9999 -9999 2190 2192 2193 2195 2197 2198 2200 2201 2203 2205 2206 2208 2210 2212 2213 2216 2217 2219 2221 2223 2225 2227 2229 2231 2233 2235 2237 2238 2240 2242 2243 2245 2247 2248 2249 2250 2251 2253 -9999 -9999 -9999 -9999 -9999 -9999 -9999 -9999 -9999 -9999 -9999 -9999 -9999 -9999 -9999 -9999 -9999 -9999
-9999 -9999 -9999 -9999 -9999 -9999 -9999 -9999 -9999 -9999 -9999 -9999 -9999 -9999 -9999 -9999 -9999 -9999 -9999 -9999 -9999 -9999 -9999 -9999 -9999 -9999 -9999 -9999 -9999 2194 2196 2197 2199 2200 2202 2204 2206 2207 2209 2211 2213 2215 2217 2219 2221 2223 2224 2226 2228 2230 2232 2234 2235 2238 2239 2241 2243 2244 2246 2247 2248 2249 2251 2252 -9999 -9999 -9999 -9999 -9999 -9999 -9999 -9999 -9999 -9999 -9999 -9999 -9999 -9999 -9999 -9999 -9999 -9999
-9999 -9999 -9999 -9999 -9999 -9999 -9999 -9999 -9999 -9999 -9999 -9999 -9999 -9999 -9999 -9999 -9999 -9999 -9999 -9999 -9999 -9999 -9999 -9999 -9999 -9999 -9999 -9999 -9999 -9999 2195 2197 2198 2200 2201 2203 2205 2207 2209 2211 2212 2214 2216 2218 2220 2222 2224 2226 2227 2229 2231 2233 2235 2237 2238 2240 2242 2243 2245 2247 2247 2248 2250 -9999 -9999 -9999 -9999 -9999 -9999 -9999 -9999 -9999 -9999 -9999 -9999 -9999 -9999 -9999 -9999 -9999 -9999 -9999
-9999 -9999 -9999 -9999 -9999 -9999 -9999 -9999 -9999 -9999 -9999 -9999 -9999 -9999 -9999 -9999 -9999 -9999 -9999 -9999 -9999 -9999 -9999 -9999 -9999 -9999 -9999 -9999 -9999 -9999 -9999 2196 2198 2199 2201 2202 2204 2206 2209 2211 2211 2213 2215 2217 2219 2221 2223 2225 2226 2228 2230 2232 2234 2236 2237 2239 2241 2242 2244 2246 2246 2247 2249 -9999 -9999 -9999 -9999 -9999 -9999 -9999 -9999 -9999 -9999 -9999 -9999 -9999 -9999 -9999 -9999 -9999 -9999 -9999
-9999 -9999 -9999 -9999 -9999 -9999 -9999 -9999 -9999 -9999 -9999 -9999 -9999 -9999 -9999 -9999 -9999 -9999 -9999 -9999 -9999 -9999 -9999 -9999 -9999 -9999 -9999 -9999 -9999 -9999 -9999 2195 2197 2198 2200 2201 2204 2206 2208 2210 2210 2212 2214 2216 2218 2220 2222 2224 2226 2227 2229 2231 2233 2235 2236 2238 2240 2241 2243 2244 2245 2246 -9999 -9999 -9999 -9999 -9999 -9999 -9999 -9999 -9999 -9999 -9999 -9999 -9999 -9999 -9999 -9999 -9999 -9999 -9999 -9999
-9999 -9999 -9999 -9999 -9999 -9999 -9999 -9999 -9999 -9999 -9999 -9999 -9999 -9999 -9999 -9999 -9999 -9999 -9999 -9999 -9999 -9999 -9999 -9999 -9999 -9999 -9999 -9999 -9999 -9999 2193 2194 2196 2197 2200 2202 2204 2205 2207 2209 2210 2212 2214 2215 2217 2219 2221 2223 2225 2227 2228 2230 2232 2234 2235 2237 2239 2240 2242 2243 2244 2245 -9999 -9999 -9999 -9999 -9999 -9999 -9999 -9999 -9999 -9999 -9999 -9999 -9999 -9999 -9999 -9999 -9999 -9999 -9999 -9999
-9999 -9999 -9999 -9999 -9999 -9999 -9999 -9999 -9999 -9999 -9999 -9999 -9999 -9999 -9999 -9999 -9999 -9999 -9999 -9999 -9999 -9999 -9999 -9999 -9999 -9999 -9999 -9999 -9999 -9999 2193 2195 2196 2199 2200 2202 2203 2205 2207 2208 2209 2211 2213 2214 2216 2218 2220 2222 2223 2225 2227 2229 2231 2232 2234 2236 2237 2239 2241 2242 2242 -9999 -9999 -9999 -9999 -9999 -9999 -9999 -9999 -9999 -9999 -9999 -9999 -9999 -9999 -9999 -9999 -9999 -9999 -9999 -9999 -9999
-9999 -9999 -9999 -9999 -9999 -9999 -9999 -9999 -9999 -9999 -9999 -9999 -9999 -9999 -9999 -9999 -9999 -9999 -9999 -9999 -9999 -9999 -9999 -9999 -9999 -9999 -9999 -9999 -9999 2191 2192 2194 2196 2198 2199 2201 2203 2204 2206 2207 2208 2210 2211 2213 2215 2217 2219 2220 2222 2224 2226 2228 2229 2231 2233 2234 2236 2238 -9999 -9999 -9999 -9999 -9999 -9999 -9999 -9999 -9999 -9999 -9999 -9999 -9999 -9999 -9999 -9999 -9999 -9999 -9999 -9999 -9999 -9999 -9999 -9999
