bin/Debug/DLS/DLS/Input/sc1gr2.grid
ncols         109
nrows         140
xllcorner     1129355.625
yllcorner     4033173
cellsize      1000
NODATA_value  -9999
[rows 78 to 116 of 140, columns 0 to 87 of 109]
-9999 -9999 -9999 -9999 -9999 -9999 -9999 532 532 531 531 531 530 530 529 529 528 528 528 525 525 524 524 523 523 522 522 522 521 521 520 520 520 520 519 519 519 519 519 518 518 518 518 517 517 517 516 516 515 515 514 513 512 512 511 510 509 508 507 506 505 504 504 503 502 501 500 500 499 498 498 497 497 497 496 496 512 512 512 512 -9999 -9999 -9999 -9999 -9999 -9999 -9999 -9999
-9999 -9999 -9999 -9999 -9999 -9999 -9999 535 535 534 533 533 532 532 531 530 530 529 529 528 526 525 525 524 523 523 522 522 522 521 521 520 520 520 519 519 519 519 518 518 518 518 517 517 517 516 516 515 515 514 513 513 512 511 510 509 508 507 506 505 504 503 503 502 501 500 499 499 498 497 497 496 496 496 495 512 512 512 512 512 512 -9999 -9999 -9999 -9999 -9999 -9999 -9999
-9999 -9999 -9999 -9999 -9999 -9999 -9999 538 537 537 536 535 534 534 533 532 531 531 530 529 527 526 525 525 524 524 523 522 522 521 521 521 520 520 520 519 519 519 518 518 518 517 517 517 516 516 515 515 514 513 513 512 511 510 509 508 507 506 505 504 503 502 502 501 500 499 498 497 497 496 496 495 495 495 512 512 512 512 512 512 512 -9999 -9999 -9999 -9999 -9999 -9999 -9999
-9999 -9999 -9999 -9999 -9999 -9999 542 541 540 539 538 537 536 536 535 534 533 532 531 531 528 527 526 525 525 524 523 523 522 522 521 521 520 520 520 519 519 518 518 518 517 517 517 516 516 515 515 514 513 513 512 511 510 510 509 508 507 506 505 504 502 501 501 500 499 498 497 496 496 495 495 494 494 512 512 512 512 512 512 512 512 512 -9999 -9999 -9999 -9999 -9999 -9999
-9999 -9999 -9999 -9999 -9999 -9999 545 544 543 542 541 540 538 537 536 535 534 534 533 532 529 528 527 526 525 525 524 523 523 522 522 521 521 520 520 519 519 518 518 518 517 517 516 516 515 515 514 514 513 512 511 511 510 509 508 507 506 505 504 503 501 500 499 499 498 497 496 495 495 494 494 493 512 512 512 512 512 512 512 512 512 512 -9999 -9999 -9999 -9999 -9999 -9999
-9999 -9999 -9999 -9999 -9999 549 548 547 546 544 543 542 541 539 538 537 536 535 534 533 532 529 528 527 526 525 524 524 523 522 522 521 521 520 520 519 519 518 518 517 517 517 516 516 515 514 514 513 512 512 511 510 509 508 507 506 505 504 503 502 500 499 498 497 497 496 495 494 494 493 493 512 512 512 512 512 512 512 512 512 512 512 -9999 -9999 -9999 -9999 -9999 -9999
-9999 -9999 -9999 -9999 -9999 552 551 550 548 547 545 544 542 541 540 538 537 536 535 534 533 530 529 528 527 526 525 524 523 523 522 521 521 520 520 519 519 518 518 517 517 516 516 515 515 514 513 513 512 511 510 509 508 507 506 505 504 503 502 501 499 498 497 496 495 495 494 493 493 492 512 512 512 512 512 512 512 512 512 512 512 512 -9999 -9999 -9999 -9999 -9999 -9999
-9999 -9999 -9999 -9999 -9999 -9999 -9999 552 551 549 548 546 544 543 541 540 539 537 536 535 534 531 529 528 527 526 525 525 524 523 522 522 521 520 520 519 519 518 518 517 517 516 515 515 514 514 513 512 511 510 509 509 508 506 505 504 503 502 501 500 499 497 496 495 494 494 493 492 491 491 512 512 512 512 512 512 512 512 512 512 512 512 512 -9999 -9999 -9999 -9999 -9999
-9999 -9999 -9999 -9999 -9999 -9999 -9999 555 553 551 550 548 546 544 543 541 540 538 537 536 535 531 530 529 528 527 526 525 524 523 523 522 521 521 520 519 519 518 518 517 516 516 515 515 514 513 512 512 511 510 509 508 507 506 505 503 502 501 500 499 498 496 495 494 493 493 492 491 490 490 490 512 512 512 512 512 512 512 512 512 512 512 -9999 -9999 -9999 -9999 -9999 -9999
-9999 -9999 -9999 -9999 -9999 -9999 -9999 -9999 -9999 553 552 550 548 546 544 543 541 539 538 537 536 534 531 529 528 527 526 525 524 524 523 522 521 521 520 519 519 518 517 517 516 516 515 514 513 513 512 511 510 509 508 507 506 505 504 503 501 500 499 498 497 495 494 493 492 492 491 490 490 489 489 512 512 512 512 512 512 512 512 512 512 512 -9999 -9999 -9999 -9999 -9999 -9999
-9999 -9999 -9999 -9999 -9999 -9999 -9999 -9999 -9999 -9999 553 551 549 547 545 544 542 540 539 537 536 535 531 530 529 528 527 526 525 524 523 522 521 521 520 519 519 518 517 517 516 515 515 514 513 512 511 511 510 509 508 507 505 504 503 502 501 499 498 497 496 495 493 492 492 491 490 489 489 488 488 512 512 512 512 512 512 512 491 491 492 512 494 -9999 -9999 -9999 -9999 -9999
-9999 -9999 -9999 -9999 -9999 -9999 -9999 -9999 -9999 -9999 -9999 553 551 548 546 545 543 541 540 538 537 535 532 530 529 528 527 526 525 524 523 522 522 521 520 519 519 518 517 517 516 515 514 514 513 512 511 510 509 508 507 506 505 504 502 501 500 499 497 496 495 494 493 492 491 490 489 488 488 487 488 512 512 512 512 489 489 489 490 491 -9999 -9999 -9999 -9999 -9999 -9999 -9999 -9999
-9999 -9999 -9999 -9999 -9999 -9999 -9999 -9999 -9999 -9999 -9999 554 552 549 547 545 544 542 540 539 537 536 535 531 529 528 527 526 525 524 523 522 522 521 520 519 519 518 517 516 516 515 514 513 512 512 511 510 509 508 507 505 504 503 502 500 499 498 497 495 494 493 492 491 490 489 488 489 488 488 487 487 487 487 487 488 488 488 489 -9999 -9999 -9999 -9999 -9999 -9999 -9999 -9999 -9999
-9999 -9999 -9999 -9999 -9999 -9999 -9999 -9999 -9999 -9999 -9999 555 553 550 548 546 544 542 541 539 538 536 535 531 530 528 527 526 525 524 523 522 522 521 520 519 518 518 517 516 515 515 514 513 512 511 510 509 508 507 506 505 504 502 501 500 499 497 496 495 493 492 491 490 491 490 489 488 487 487 486 487 486 486 487 487 487 488 -9999 -9999 -9999 -9999 -9999 -9999 -9999 -9999 -9999 -9999
-9999 -9999 -9999 -9999 -9999 -9999 -9999 -9999 -9999 -9999 558 556 553 551 549 546 -9999 543 541 539 538 536 535 531 530 529 527 526 525 524 523 522 522 521 520 519 518 518 517 516 515 514 514 513 512 511 510 509 508 507 506 504 503 502 501 499 498 497 495 494 493 494 493 492 490 489 488 487 487 486 486 486 486 486 486 486 486 -9999 -9999 -9999 -9999 -9999 -9999 -9999 -9999 -9999 -9999 -9999
-9999 -9999 -9999 -9999 -9999 -9999 -9999 -9999 -9999 562 559 556 554 551 549 -9999 -9999 543 541 -9999 -9999 536 535 531 530 529 527 526 525 524 523 522 522 521 520 519 518 518 517 516 515 514 513 512 512 511 510 509 507 506 505 504 503 501 500 499 497 496 498 497 495 494 492 491 490 489 488 487 486 485 485 485 485 485 485 485 -9999 -9999 -9999 -9999 -9999 -9999 -9999 -9999 -9999 -9999 -9999 -9999
-9999 -9999 -9999 -9999 -9999 -9999 -9999 -9999 -9999 -9999 559 557 554 -9999 -9999 -9999 544 -9999 -9999 -9999 -9999 -9999 535 534 530 528 527 526 525 524 523 522 521 521 520 519 518 517 517 516 515 514 513 512 511 510 509 508 507 506 505 504 502 501 500 503 501 500 498 496 495 493 492 490 489 488 487 486 485 485 485 484 484 484 484 -9999 -9999 -9999 -9999 -9999 -9999 -9999 -9999 -9999 -9999 -9999 -9999 -9999
-9999 -9999 -9999 -9999 -9999 -9999 -9999 -9999 -9999 -9999 -9999 557 -9999 -9999 -9999 -9999 -9999 -9999 -9999 -9999 -9999 -9999 -9999 -9999 -9999 528 527 526 525 524 523 522 521 521 520 519 518 517 516 516 515 514 513 512 511 510 509 508 507 506 504 503 508 506 504 503 501 499 498 496 494 493 491 490 489 488 487 486 485 485 -9999 484 -9999 -9999 -9999 -9999 -9999 -9999 -9999 -9999 -9999 -9999 -9999 -9999 -9999 -9999 -9999 -9999
-9999 -9999 -9999 -9999 -9999 -9999 -9999 -9999 -9999 -9999 -9999 -9999 -9999 -9999 -9999 -9999 -9999 -9999 -9999 -9999 -9999 -9999 -9999 -9999 -9999 528 527 526 525 524 523 522 521 520 520 519 518 517 516 515 515 514 513 512 511 510 509 508 507 512 511 509 507 506 504 502 501 499 497 496 494 493 491 490 488 487 486 485 -9999 -9999 -9999 -9999 -9999 -9999 -9999 -9999 -9999 -9999 -9999 -9999 -9999 -9999 -9999 -9999 -9999 -9999 -9999 -9999
-9999 -9999 -9999 -9999 -9999 -9999 -9999 -9999 -9999 -9999 -9999 -9999 -9999 -9999 -9999 -9999 -9999 -9999 -9999 -9999 -9999 -9999 -9999 -9999 -9999 528 527 525 525 524 523 522 521 520 519 519 518 517 516 515 514 513 513 512 511 510 516 515 513 512 511 509 507 506 504 502 501 499 497 496 494 492 491 490 488 487 486 -9999 -9999 -9999 -9999 -9999 -9999 -9999 -9999 -9999 -9999 -9999 -9999 -9999 -9999 -9999 -9999 -9999 -9999 -9999 -9999 -9999
-9999 -9999 -9999 -9999 -9999 -9999 -9999 -9999 -9999 -9999 -9999 -9999 -9999 -9999 -9999 -9999 -9999 -9999 -9999 -9999 -9999 -9999 -9999 -9999 -9999 528 526 525 524 523 522 522 521 520 519 518 518 517 516 515 514 513 512 520 518 517 516 515 513 512 511 509 507 506 504 502 501 499 497 496 494 492 491 490 488 487 -9999 -9999 -9999 -9999 -9999 -9999 -9999 -9999 -9999 -9999 -9999 -9999 -9999 -9999 -9999 -9999 -9999 -9999 -9999 -9999 -9999 -9999
-9999 -9999 -9999 -9999 -9999 -9999 -9999 -9999 -9999 -9999 -9999 -9999 -9999 -9999 -9999 -9999 -9999 -9999 -9999 -9999 -9999 -9999 -9999 -9999 -9999 527 527 525 524 523 522 521 520 519 518 518 517 516 515 514 513 513 521 520 519 517 516 515 514 512 511 509 508 506 504 503 501 499 497 496 494 492 491 490 488 487 -9999 -9999 -9999 -9999 -9999 -9999 -9999 -9999 -9999 -9999 -9999 -9999 -9999 -9999 -9999 -9999 -9999 -9999 -9999 -9999 -9999 -9999
-9999 -9999 -9999 -9999 -9999 -9999 -9999 -9999 -9999 -9999 -9999 -9999 -9999 -9999 -9999 -9999 -9999 -9999 -9999 -9999 -9999 -9999 -9999 -9999 -9999 -9999 526 523 523 522 521 520 519 519 518 517 516 516 515 514 513 512 521 520 519 518 516 515 514 512 511 509 508 506 504 503 501 499 498 496 494 493 491 490 -9999 -9999 -9999 -9999 -9999 -9999 -9999 -9999 -9999 -9999 -9999 -9999 -9999 -9999 -9999 -9999 -9999 -9999 -9999 -9999 -9999 -9999 -9999 -9999
-9999 -9999 -9999 -9999 -9999 -9999 -9999 -9999 -9999 -9999 -9999 -9999 -9999 -9999 -9999 -9999 -9999 -9999 -9999 -9999 -9999 -9999 -9999 -9999 -9999 -9999 -9999 -9999 -9999 521 520 520 519 518 518 517 516 515 515 514 513 522 521 520 519 518 517 515 514 513 511 510 508 506 505 503 501 500 498 496 495 493 492 490 -9999 -9999 -9999 -9999 -9999 -9999 -9999 -9999 -9999 -9999 -9999 -9999 -9999 -9999 -9999 -9999 -9999 -9999 -9999 -9999 -9999 -9999 -9999 -9999
-9999 -9999 -9999 -9999 -9999 -9999 -9999 -9999 -9999 -9999 -9999 -9999 -9999 -9999 -9999 -9999 -9999 -9999 -9999 -9999 -9999 -9999 -9999 -9999 -9999 -9999 -9999 -9999 -9999 -9999 520 519 518 518 517 516 516 515 514 513 513 522 521 520 519 518 517 516 514 513 511 510 508 507 505 503 502 500 498 497 495 494 492 -9999 -9999 -9999 -9999 -9999 -9999 -9999 -9999 -9999 -9999 -9999 -9999 -9999 -9999 -9999 -9999 -9999 -9999 -9999 -9999 -9999 -9999 -9999 -9999 -9999
-9999 -9999 -9999 -9999 -9999 -9999 -9999 -9999 -9999 -9999 -9999 -9999 -9999 -9999 -9999 -9999 -9999 -9999 -9999 -9999 -9999 -9999 -9999 -9999 -9999 -9999 -9999 -9999 -9999 -9999 -9999 518 518 517 517 516 515 515 514 513 523 522 521 520 519 518 517 516 515 513 512 510 509 507 506 504 502 501 499 497 496 494 493 -9999 -9999 -9999 -9999 -9999 -9999 -9999 -9999 -9999 -9999 -9999 -9999 -9999 -9999 -9999 -9999 -9999 -9999 -9999 -9999 -9999 -9999 -9999 -9999 -9999
-9999 -9999 -9999 -9999 -9999 -9999 -9999 -9999 -9999 -9999 -9999 -9999 -9999 -9999 -9999 -9999 -9999 -9999 -9999 -9999 -9999 -9999 -9999 -9999 -9999 -9999 -9999 -9999 -9999 -9999 -9999 518 517 517 516 516 515 514 514 513 523 523 522 521 520 519 518 516 515 514 512 511 509 508 506 504 503 501 499 498 496 495 -9999 -9999 -9999 -9999 -9999 -9999 -9999 -9999 -9999 -9999 -9999 -9999 -9999 -9999 -9999 -9999 -9999 -9999 -9999 -9999 -9999 -9999 -9999 -9999 -9999 -9999
-9999 -9999 -9999 -9999 -9999 -9999 -9999 -9999 -9999 -9999 -9999 -9999 -9999 -9999 -9999 -9999 -9999 -9999 -9999 -9999 -9999 -9999 -9999 -9999 -9999 -9999 -9999 -9999 -9999 -9999 518 517 517 516 516 515 514 514 513 513 523 523 522 521 520 519 518 517 516 514 513 511 510 508 507 505 503 502 500 499 497 496 -9999 -9999 -9999 -9999 -9999 -9999 -9999 -9999 -9999 -9999 -9999 -9999 -9999 -9999 -9999 -9999 -9999 -9999 -9999 -9999 -9999 -9999 -9999 -9999 -9999 -9999
-9999 -9999 -9999 -9999 -9999 -9999 -9999 -9999 -9999 -9999 -9999 -9999 -9999 -9999 -9999 -9999 -9999 -9999 -9999 -9999 -9999 -9999 -9999 -9999 -9999 -9999 -9999 -9999 -9999 -9999 517 516 516 516 515 515 514 514 513 524 524 523 522 521 520 519 518 517 516 515 513 512 510 509 507 506 504 503 501 499 498 -9999 -9999 -9999 -9999 -9999 -9999 -9999 -9999 -9999 -9999 -9999 -9999 -9999 -9999 -9999 -9999 -9999 -9999 -9999 -9999 -9999 -9999 -9999 -9999 -9999 -9999 -9999
-9999 -9999 -9999 -9999 -9999 -9999 -9999 -9999 -9999 -9999 -9999 -9999 -9999 -9999 -9999 -9999 -9999 -9999 -9999 -9999 -9999 -9999 -9999 -9999 -9999 -9999 -9999 -9999 -9999 516 516 516 515 515 515 514 514 513 513 525 524 523 523 522 521 520 519 518 517 515 514 513 511 510 508 507 505 503 -9999 -9999 -9999 -9999 -9999 -9999 -9999 -9999 -9999 -9999 -9999 -9999 -9999 -9999 -9999 -9999 -9999 -9999 -9999 -9999 -9999 -9999 -9999 -9999 -9999 -9999 -9999 -9999 -9999 -9999
-9999 -9999 -9999 -9999 -9999 -9999 -9999 -9999 -9999 -9999 -9999 -9999 -9999 -9999 -9999 -9999 -9999 -9999 -9999 -9999 -9999 -9999 -9999 -9999 -9999 -9999 -9999 -9999 -9999 -9999 522 523 523 514 514 514 513 513 525 525 524 524 523 522 521 520 519 518 517 516 515 513 512 510 509 501 500 -9999 -9999 -9999 -9999 -9999 -9999 -9999 -9999 -9999 -9999 -9999 -9999 -9999 -9999 -9999 -9999 -9999 -9999 -9999 -9999 -9999 -9999 -9999 -9999 -9999 -9999 -9999 -9999 -9999 -9999 -9999
-9999 -9999 -9999 -9999 -9999 -9999 -9999 -9999 -9999 -9999 -9999 -9999 -9999 -9999 -9999 -9999 -9999 -9999 -9999 -9999 -9999 -9999 -9999 -9999 -9999 -9999 -9999 -9999 -9999 -9999 -9999 522 522 522 522 522 522 522 522 522 525 524 523 523 522 521 520 519 518 517 506 506 505 504 503 502 -9999 -9999 -9999 -9999 -9999 -9999 -9999 -9999 -9999 -9999 -9999 -9999 -9999 -9999 -9999 -9999 -9999 -9999 -9999 -9999 -9999 -9999 -9999 -9999 -9999 -9999 -9999 -9999 -9999 -9999 -9999 -9999
-9999 -9999 -9999 -9999 -9999 -9999 -9999 -9999 -9999 -9999 -9999 -9999 -9999 -9999 -9999 -9999 -9999 -9999 -9999 -9999 -9999 -9999 -9999 -9999 -9999 -9999 -9999 -9999 -9999 -9999 -9999 522 522 522 522 522 522 522 522 522 521 521 520 523 522 522 510 509 509 508 507 506 505 505 504 503 -9999 -9999 -9999 -9999 -9999 -9999 -9999 -9999 -9999 -9999 -9999 -9999 -9999 -9999 -9999 -9999 -9999 -9999 -9999 -9999 -9999 -9999 -9999 -9999 -9999 -9999 -9999 -9999 -9999 -9999 -9999 -9999
-9999 -9999 -9999 -9999 -9999 -9999 -9999 -9999 -9999 -9999 -9999 -9999 -9999 -9999 -9999 -9999 -9999 -9999 -9999 -9999 -9999 -9999 -9999 -9999 -9999 -9999 -9999 -9999 -9999 -9999 -9999 -9999 -9999 522 522 522 522 522 522 522 522 521 521 520 511 511 511 510 509 509 508 507 506 505 504 511 -9999 -9999 -9999 -9999 -9999 -9999 -9999 -9999 -9999 -9999 -9999 -9999 -9999 -9999 -9999 -9999 -9999 -9999 -9999 -9999 -9999 -9999 -9999 -9999 -9999 -9999 -9999 -9999 -9999 -9999 -9999 -9999
-9999 -9999 -9999 -9999 -9999 -9999 -9999 -9999 -9999 -9999 -9999 -9999 -9999 -9999 -9999 -9999 -9999 -9999 -9999 -9999 -9999 -9999 -9999 -9999 -9999 -9999 -9999 -9999 -9999 -9999 -9999 -9999 -9999 522 522 522 522 522 522 522 522 522 521 521 520 512 511 511 510 509 509 508 507 506 505 513 512 -9999 -9999 -9999 -9999 -9999 -9999 -9999 -9999 -9999 -9999 -9999 -9999 -9999 -9999 -9999 -9999 -9999 -9999 -9999 -9999 -9999 -9999 -9999 -9999 -9999 -9999 -9999 -9999 -9999 -9999 -9999
-9999 -9999 -9999 -9999 -9999 -9999 -9999 -9999 -9999 -9999 -9999 -9999 -9999 -9999 -9999 -9999 -9999 -9999 -9999 -9999 -9999 -9999 -9999 -9999 -9999 -9999 -9999 -9999 -9999 -9999 -9999 -9999 -9999 522 522 522 522 522 522 522 522 522 522 521 521 520 512 512 511 510 510 509 508 507 516 514 513 -9999 -9999 -9999 -9999 -9999 -9999 -9999 -9999 -9999 -9999 -9999 -9999 -9999 -9999 -9999 -9999 -9999 -9999 -9999 -9999 -9999 -9999 -9999 -9999 -9999 -9999 -9999 -9999 -9999 -9999 -9999
-9999 -9999 -9999 -9999 -9999 -9999 -9999 -9999 -9999 -9999 -9999 -9999 -9999 -9999 -9999 -9999 -9999 -9999 -9999 -9999 -9999 -9999 -9999 -9999 -9999 -9999 -9999 -9999 -9999 -9999 -9999 -9999 -9999 521 522 522 522 523 523 523 523 522 522 522 521 521 520 512 512 511 511 510 509 508 517 516 515 514 512 -9999 -9999 -9999 -9999 -9999 -9999 -9999 -9999 -9999 -9999 -9999 -9999 -9999 -9999 -9999 -9999 -9999 -9999 -9999 -9999 -9999 -9999 -9999 -9999 -9999 -9999 -9999 -9999 -9999
-9999 -9999 -9999 -9999 -9999 -9999 -9999 -9999 -9999 -9999 -9999 -9999 -9999 -9999 -9999 -9999 -9999 -9999 -9999 -9999 -9999 -9999 -9999 -9999 -9999 -9999 -9999 -9999 -9999 -9999 -9999 -9999 -9999 521 522 522 523 523 523 523 523 523 523 522 522 522 521 521 521 520 519 519 518 517 516 518 517 515 514 -9999 -9999 -9999 -9999 -9999 -9999 -9999 -9999 -9999 -9999 -9999 -9999 -9999 -9999 -9999 -9999 -9999 -9999 -9999 -9999 -9999 -9999 -9999 -9999 -9999 -9999 -9999 -9999 -9999
-9999 -9999 -9999 -9999 -9999 -9999 -9999 -9999 -9999 -9999 -9999 -9999 -9999 -9999 -9999 -9999 -9999 -9999 -9999 -9999 -9999 -9999 -9999 -9999 -9999 -9999 -9999 -9999 -9999 -9999 -9999 -9999 521 522 522 523 523 523 523 524 524 524 523 523 523 523 523 522 522 521 521 520 519 519 518 517 516 515 516 -9999 -9999 -9999 -9999 -9999 -9999 -9999 -9999 -9999 -9999 -9999 -9999 -9999 -9999 -9999 -9999 -9999 -9999 -9999 -9999 -9999 -9999 -9999 -9999 -9999 -9999 -9999 -9999 -9999
