bin/Debug/DLS/DLS/Input/sc1gr17.grid
ncols         109
nrows         140
xllcorner     1129355.625
yllcorner     4033173
cellsize      1000
NODATA_value  -9999
[rows 40 to 79 of 140, columns 0 to 89 of 109]
-9999 -9999 -9999 -9999 -9999 -9999 -9999 -9999 -9999 -9999 -9999 -9999 -9999 -9999 -9999 -9999 -9999 -9999 -9999 -9999 27 491 39 39 512 1346 8 35 16 28 88 427 376 91 138 66 48 2202 2483 2141 1675 7 38 50 56 57 50 50 234 100 561 1979 32 492 632 28 39 40 39 39 39 39 39 39 39 47 55 49 47 44 46 60 65 142 127 41 39 92 42 39 36 31 27 21 31 31 31 38 49 59
-9999 -9999 -9999 -9999 -9999 -9999 -9999 -9999 -9999 -9999 -9999 -9999 -9999 -9999 -9999 -9999 -9999 -9999 -9999 -9999 -9999 41 37 39 880 302 95 33 25 25 363 434 341 255 183 110 511 1613 945 598 12 4 163 181 367 358 225 101 940 280 1631 39 32 29 44 39 39 39 39 39 39 39 46 47 51 50 33 45 44 77 230 49 45 94 69 42 38 36 36 36 36 34 29 2 0 0 0 0 5 20
-9999 -9999 -9999 -9999 -9999 -9999 -9999 -9999 -9999 -9999 -9999 -9999 -9999 -9999 -9999 -9999 -9999 -9999 -9999 -9999 -9999 38 600 2687 81 585 94 12 22 10 87 328 521 191 58 53 240 792 864 30 13 5 50 248 516 111 94 190 707 174 113 39 23 32 39 39 39 39 39 39 39 46 47 52 46 21 31 21 12 56 64 46 46 41 42 36 36 36 36 36 36 36 8 0 0 0 0 0 0 0
-9999 -9999 -9999 -9999 -9999 -9999 -9999 -9999 -9999 -9999 -9999 -9999 -9999 -9999 -9999 -9999 -9999 -9999 -9999 -9999 -9999 -9999 1031 576 194 1625 463 27 121 175 222 354 99 157 50 50 46 581 299 195 41 16 56 50 151 88 214 148 60 90 39 35 33 43 39 39 39 39 39 56 58 54 49 67 51 12 217 16 44 45 45 44 43 44 45 38 36 36 36 36 36 27 0 0 0 0 0 0 0 0
-9999 -9999 -9999 -9999 -9999 -9999 -9999 -9999 -9999 -9999 -9999 -9999 -9999 -9999 -9999 -9999 -9999 -9999 -9999 -9999 -9999 -9999 916 707 411 1297 173 31 227 162 50 50 185 65 61 71 50 521 182 3 10 82 189 164 74 132 111 156 73 125 489 110 40 39 39 39 39 39 62 58 47 61 66 72 76 11 28 28 27 42 43 40 35 28 37 44 46 45 235 243 10 21 19 0 0 0 0 0 23 0
-9999 -9999 -9999 -9999 -9999 -9999 -9999 -9999 -9999 -9999 -9999 -9999 -9999 -9999 -9999 -9999 -9999 -9999 -9999 -9999 -9999 248 89 822 38 38 518 87 21 175 93 142 206 50 451 399 39 262 75 9 30 44 118 258 238 226 64 67 103 104 39 38 36 39 39 40 39 54 67 46 46 48 45 64 65 46 475 111 39 45 41 40 36 35 295 81 16 8 15 5 391 244 70 0 0 0 0 0 0 0
-9999 -9999 -9999 -9999 -9999 -9999 -9999 -9999 -9999 -9999 -9999 -9999 -9999 -9999 -9999 -9999 -9999 -9999 -9999 -9999 -9999 183 272 135 50 50 437 48 26 48 350 67 50 50 79 32 1 198 299 18 38 28 54 83 77 179 175 59 77 85 100 70 158 43 44 44 66 66 48 82 146 333 220 85 16 9 305 124 44 44 39 38 36 36 754 693 15 0 0 0 0 0 0 0 0 0 0 0 0 0
-9999 -9999 -9999 -9999 -9999 -9999 -9999 -9999 -9999 -9999 -9999 -9999 -9999 -9999 -9999 -9999 -9999 -9999 -9999 -9999 -9999 74 58 196 50 378 309 48 50 50 65 50 50 45 232 171 41 40 15 24 8 66 199 50 50 74 133 110 99 233 175 142 183 141 46 46 78 165 299 102 161 244 245 56 38 76 264 406 56 40 66 104 20 28 674 442 0 0 0 0 0 0 0 0 0 0 0 0 0 0
-9999 -9999 -9999 -9999 -9999 -9999 -9999 -9999 -9999 -9999 -9999 -9999 -9999 -9999 -9999 -9999 -9999 -9999 -9999 -9999 -9999 178 88 56 239 50 50 38 50 50 61 54 50 37 37 76 637 53 50 7 0 134 227 52 30 48 681 276 157 70 118 139 98 52 88 46 199 179 46 94 270 42 38 42 46 55 194 209 56 197 43 40 33 34 106 110 2 0 0 0 0 0 0 0 0 0 0 0 0 0
-9999 -9999 -9999 -9999 -9999 -9999 -9999 -9999 -9999 -9999 -9999 -9999 -9999 -9999 -9999 -9999 -9999 -9999 -9999 -9999 -9999 -9999 134 176 442 50 131 147 271 183 50 362 139 234 701 561 206 78 118 24 22 122 228 200 17 306 1093 365 58 68 174 59 46 83 452 152 165 161 62 216 193 44 116 55 138 268 272 192 136 52 49 51 36 35 8 10 1 0 0 0 0 0 0 0 0 0 0 0 0 0
-9999 -9999 -9999 -9999 -9999 -9999 -9999 -9999 -9999 -9999 -9999 -9999 -9999 -9999 -9999 -9999 -9999 -9999 -9999 -9999 -9999 -9999 50 166 217 50 50 82 207 87 206 1198 439 513 283 55 310 104 55 22 11 59 55 150 83 550 513 104 265 127 143 50 46 94 229 97 211 280 342 51 46 46 219 49 285 676 623 55 52 52 50 45 36 34 11 13 31 3 0 0 0 0 0 0 0 0 0 0 0 0
-9999 -9999 -9999 -9999 -9999 -9999 -9999 -9999 -9999 -9999 -9999 -9999 -9999 -9999 -9999 -9999 -9999 -9999 -9999 -9999 -9999 50 180 156 134 58 369 281 50 69 79 126 91 189 626 50 204 50 50 30 305 118 50 50 50 441 115 59 64 171 94 46 93 246 230 220 61 139 47 46 59 90 88 110 164 81 53 57 52 52 168 73 41 36 36 36 36 20 0 0 0 0 0 0 0 0 0 0 0 0
-9999 -9999 -9999 -9999 -9999 -9999 -9999 -9999 -9999 -9999 -9999 -9999 -9999 -9999 -9999 -9999 -9999 -9999 -9999 -9999 -9999 50 272 146 71 125 270 272 99 313 204 50 50 163 169 50 50 64 230 47 460 498 848 307 309 498 60 199 54 171 62 46 48 64 135 179 46 196 235 70 46 131 208 127 119 45 98 65 52 63 166 47 48 115 93 39 36 18 0 0 0 0 0 0 0 0 0 0 0 0
-9999 -9999 -9999 -9999 -9999 -9999 -9999 -9999 -9999 -9999 -9999 -9999 -9999 -9999 -9999 -9999 -9999 -9999 -9999 18 39 68 177 226 134 50 50 103 51 139 86 147 178 50 497 228 136 196 635 370 108 250 648 317 314 84 281 71 227 130 49 58 189 100 46 172 61 45 93 150 142 189 46 51 72 50 47 76 51 50 44 45 57 513 210 82 135 0 0 0 0 0 0 0 0 0 0 0 0 0
-9999 -9999 -9999 -9999 -9999 -9999 -9999 -9999 -9999 -9999 -9999 -9999 -9999 -9999 -9999 -9999 -9999 -9999 -9999 0 19 60 160 227 147 103 273 50 50 396 244 231 314 136 364 376 52 50 190 215 165 173 154 749 274 108 199 248 81 59 258 78 403 88 59 56 39 38 51 44 43 116 106 42 46 128 60 46 49 51 52 49 70 167 535 0 0 0 0 0 0 0 0 -9999 -9999 -9999 0 0 0 0
-9999 -9999 -9999 -9999 -9999 -9999 -9999 -9999 -9999 -9999 -9999 -9999 -9999 -9999 -9999 -9999 -9999 -9999 -9999 -9999 0 30 192 70 93 50 60 50 50 195 414 414 58 855 776 227 335 48 194 38 96 256 278 660 152 185 50 113 116 46 225 446 402 127 47 192 179 38 47 46 40 106 55 138 65 39 67 253 243 132 47 46 274 782 622 0 0 0 0 0 0 0 0 -9999 -9999 -9999 -9999 0 -9999 -9999
-9999 -9999 -9999 -9999 -9999 -9999 -9999 -9999 -9999 -9999 -9999 -9999 -9999 -9999 -9999 -9999 -9999 -9999 -9999 41 313 19 136 50 50 50 50 50 50 50 589 153 50 211 851 264 246 620 136 329 96 133 136 184 143 56 52 151 193 115 242 285 43 48 134 298 92 46 36 30 18 40 64 112 113 24 37 26 22 69 47 46 611 794 794 0 0 0 0 0 0 0 -9999 -9999 -9999 -9999 -9999 -9999 0 -9999
-9999 -9999 -9999 -9999 -9999 -9999 -9999 -9999 -9999 -9999 -9999 -9999 -9999 -9999 -9999 -9999 -9999 -9999 -9999 50 885 111 103 336 79 50 50 54 72 275 295 50 50 472 868 602 420 267 272 202 50 240 337 377 52 156 118 150 73 77 59 216 171 38 45 37 24 54 42 39 31 32 1 20 29 2 34 19 22 34 111 46 568 794 794 794 0 0 0 0 0 0 -9999 -9999 -9999 -9999 -9999 -9999 -9999 -9999
-9999 -9999 -9999 -9999 -9999 -9999 -9999 -9999 -9999 -9999 -9999 -9999 -9999 -9999 -9999 -9999 -9999 -9999 50 50 53 50 80 565 162 114 261 217 213 406 451 369 132 257 101 372 105 89 87 264 421 203 324 122 50 103 143 92 41 40 57 40 40 144 129 95 44 75 41 49 174 38 3 2 71 113 26 27 5 25 40 214 793 794 794 794 224 0 0 0 0 0 -9999 -9999 -9999 -9999 -9999 -9999 -9999 -9999
-9999 -9999 -9999 -9999 -9999 -9999 -9999 -9999 -9999 -9999 -9999 -9999 -9999 -9999 -9999 -9999 -9999 -9999 50 603 469 50 317 176 485 143 155 153 115 387 611 255 268 237 101 84 79 50 242 211 283 305 325 50 107 108 292 184 138 187 398 70 60 54 78 36 163 109 62 66 111 13 5 12 468 594 266 322 2 5 32 420 794 793 310 260 64 0 0 0 0 -9999 -9999 -9999 -9999 -9999 -9999 -9999 -9999 -9999
-9999 -9999 -9999 -9999 -9999 -9999 -9999 -9999 -9999 -9999 -9999 -9999 -9999 -9999 -9999 -9999 -9999 -9999 50 136 89 42 50 66 112 297 987 311 100 642 352 50 87 50 50 50 435 540 514 140 587 395 53 133 93 285 68 40 93 129 74 49 52 74 78 54 42 31 54 20 40 31 53 79 257 204 14 164 11 147 218 582 697 280 0 0 0 0 0 0 -9999 -9999 -9999 -9999 -9999 -9999 -9999 -9999 -9999 -9999
-9999 -9999 -9999 -9999 -9999 -9999 -9999 -9999 -9999 -9999 -9999 -9999 -9999 -9999 -9999 -9999 50 50 50 567 90 45 50 100 263 227 524 395 83 59 455 755 555 55 67 75 125 365 414 585 220 53 136 88 298 462 53 125 131 62 44 48 69 78 78 59 45 27 43 68 73 77 39 125 74 8 26 23 226 151 794 794 532 274 0 0 0 0 0 0 -9999 -9999 -9999 -9999 -9999 -9999 -9999 -9999 -9999 -9999
-9999 -9999 -9999 -9999 -9999 -9999 -9999 -9999 -9999 50 124 149 0 2 50 60 50 50 80 786 51 50 101 572 61 352 252 507 276 272 243 65 50 50 50 50 50 50 50 50 51 138 104 84 130 22 69 138 81 44 44 42 53 62 71 58 44 34 25 78 78 66 19 34 51 94 42 45 100 17 243 338 17 0 0 0 10 0 0 -9999 -9999 -9999 -9999 -9999 -9999 -9999 -9999 -9999 -9999 -9999
-9999 -9999 -9999 -9999 -9999 -9999 -9999 -9999 50 50 486 501 25 35 27 48 50 50 50 498 50 50 78 282 72 124 209 117 362 142 67 67 96 98 87 75 62 50 50 50 110 97 62 168 177 193 108 76 86 60 52 47 47 20 46 58 42 19 39 42 64 47 14 126 93 126 44 40 133 3 23 24 0 0 0 0 0 0 -9999 -9999 -9999 -9999 -9999 -9999 -9999 -9999 -9999 -9999 -9999 -9999
-9999 -9999 -9999 -9999 -9999 -9999 -9999 -9999 50 50 189 285 19 654 29 39 50 50 50 150 50 50 177 215 174 50 183 50 63 121 135 110 51 46 47 59 62 61 58 61 60 447 252 144 78 117 198 80 59 60 48 195 142 62 55 57 29 11 51 53 45 50 181 61 50 41 40 34 43 26 28 25 15 7 1 0 0 0 -9999 -9999 -9999 -9999 -9999 -9999 -9999 -9999 -9999 -9999 -9999 -9999
-9999 -9999 -9999 -9999 -9999 -9999 -9999 50 50 50 50 725 291 21 22 42 50 50 252 50 50 50 187 335 268 69 78 124 249 56 61 85 40 61 77 72 70 66 68 92 226 699 781 520 502 200 113 85 13 77 52 49 297 46 49 101 9 10 23 98 52 130 159 115 46 38 32 16 34 36 36 43 22 4 0 0 0 0 -9999 -9999 -9999 -9999 -9999 -9999 -9999 -9999 -9999 -9999 -9999 -9999
-9999 -9999 -9999 -9999 -9999 -9999 -9999 50 50 50 50 72 113 176 23 50 47 47 212 50 50 50 383 158 112 147 110 46 190 62 20 50 46 49 75 64 53 67 107 194 287 507 346 222 543 75 51 211 65 99 154 113 47 39 216 150 28 124 480 406 36 151 164 37 40 38 26 15 32 47 360 111 12 0 0 0 0 0 -9999 -9999 -9999 -9999 -9999 -9999 -9999 -9999 -9999 -9999 -9999 -9999
-9999 -9999 -9999 -9999 -9999 -9999 -9999 50 50 317 136 16 112 259 260 511 53 50 50 50 50 83 354 111 68 46 196 140 87 46 55 44 46 46 193 52 68 313 705 363 256 194 145 44 46 46 29 44 94 36 36 2 12 16 39 34 44 85 330 228 13 217 90 15 109 33 26 118 41 115 794 205 0 0 0 0 0 -9999 -9999 -9999 -9999 -9999 -9999 -9999 -9999 -9999 -9999 -9999 -9999 -9999
-9999 -9999 -9999 -9999 -9999 -9999 -9999 52 50 178 135 46 271 715 118 237 50 50 63 74 50 556 421 130 114 187 146 49 45 44 46 46 46 50 60 120 141 227 447 790 782 691 88 24 40 55 38 9 2 18 0 11 15 9 102 177 83 45 162 279 461 32 72 117 94 30 54 243 427 620 501 1 0 0 0 0 0 0 -9999 -9999 -9999 -9999 -9999 -9999 -9999 -9999 -9999 -9999 -9999 -9999
-9999 -9999 -9999 -9999 -9999 -9999 -9999 69 186 66 81 86 12 204 662 50 43 26 60 69 50 268 214 142 55 334 55 46 46 41 36 46 46 46 43 173 507 577 794 794 794 751 223 37 50 46 16 22 72 22 0 0 0 7 19 45 136 377 181 28 164 39 41 36 6 13 28 175 286 296 197 0 0 0 0 0 0 0 -9999 -9999 -9999 -9999 -9999 -9999 -9999 -9999 -9999 -9999 -9999 -9999
-9999 -9999 -9999 -9999 -9999 -9999 110 141 114 53 50 48 18 111 241 357 44 22 45 50 50 150 115 182 42 416 202 46 46 188 227 75 193 273 44 314 553 782 794 794 794 459 5 24 41 69 203 48 61 1886 539 23 5 30 1 1 4 90 145 125 122 36 43 146 69 0 21 45 43 39 12 5 0 4 0 0 0 0 -9999 -9999 -9999 -9999 -9999 -9999 -9999 -9999 -9999 -9999 -9999 -9999
-9999 -9999 -9999 -9999 -9999 50 53 90 52 50 57 130 99 274 359 462 312 50 56 50 50 320 112 394 46 192 96 70 221 218 184 460 595 658 178 164 504 746 794 794 794 723 145 429 157 306 62 61 59 2167 5215 1599 647 80 17 18 13 41 42 20 29 228 167 182 241 26 37 62 78 62 26 8 0 2 0 0 0 -9999 -9999 -9999 -9999 -9999 -9999 -9999 -9999 -9999 -9999 -9999 -9999 -9999
-9999 -9999 -9999 -9999 -9999 49 50 425 613 50 154 210 202 150 363 224 87 50 720 501 50 174 114 300 46 46 46 207 224 248 210 213 152 176 219 233 525 288 594 794 794 503 108 191 135 69 243 575 178 44 307 350 44 42 30 22 35 32 76 73 48 20 117 287 296 44 37 50 440 314 36 11 0 0 3555 2621 0 0 0 -9999 -9999 -9999 -9999 -9999 -9999 -9999 -9999 -9999 -9999 -9999
-9999 -9999 -9999 -9999 -9999 -9999 80 49 215 79 160 187 183 138 102 689 213 50 98 58 108 359 151 209 46 46 46 99 119 233 162 467 45 52 167 46 79 41 69 680 776 483 110 183 295 148 302 3478 433 1175 44 44 30 39 57 192 230 23 14 680 4 57 43 0 7 36 25 30 48 35 25 15 0 0 4748 5878 863 0 0 -9999 -9999 -9999 -9999 -9999 -9999 -9999 -9999 -9999 -9999 -9999
-9999 -9999 -9999 -9999 -9999 -9999 -9999 -9999 -9999 -9999 223 217 183 187 75 377 142 50 50 50 310 158 213 215 46 46 44 262 45 42 45 181 179 142 315 43 553 269 81 492 3219 1956 3002 772 1483 411 29 23 1789 1173 77 2224 707 27 532 3034 2130 27 29 18 6 37 65 18 0 14 75 78 78 35 8 16 0 554 5478 5878 1233 0 0 0 -9999 -9999 -9999 -9999 -9999 -9999 -9999 -9999 -9999 -9999
-9999 -9999 -9999 -9999 -9999 -9999 -9999 -9999 -9999 74 65 146 198 161 163 50 50 357 50 95 58 146 309 183 41 41 45 36 105 223 144 42 37 44 47 49 45 490 750 3178 4108 5606 5860 2448 24 1354 761 44 434 44 1520 1837 1266 315 108 37 38 35 35 34 6 32 23 25 6 1 45 47 47 22 0 9 3 3388 5878 5878 1018 0 0 0 -9999 -9999 -9999 -9999 -9999 -9999 -9999 -9999 -9999 -9999
-9999 -9999 -9999 -9999 -9999 -9999 -9999 -9999 107 150 50 50 68 114 653 124 67 712 107 211 166 170 320 46 16 19 84 103 26 77 82 208 355 58 47 46 45 470 5465 2977 3594 4748 3255 1191 785 902 990 44 494 817 1485 4741 1676 2150 1940 36 35 30 31 32 359 1379 946 181 40 2 25 37 26 14 0 0 193 4880 5878 5853 235 19 0 0 -9999 -9999 -9999 -9999 -9999 -9999 -9999 -9999 -9999 -9999
-9999 -9999 -9999 -9999 -9999 -9999 -9999 -9999 80 50 45 38 37 192 298 315 202 64 61 40 212 85 349 57 38 36 122 44 53 145 172 101 46 209 252 328 165 1725 2855 2174 1718 4417 3839 4600 4296 1322 159 45 1523 3021 3826 5878 4324 3949 1123 34 37 40 44 666 919 1756 3900 5191 2955 414 9 6 2 0 9 1217 4580 5878 5878 5265 0 0 0 0 -9999 -9999 -9999 -9999 -9999 -9999 -9999 -9999 -9999 -9999
-9999 -9999 -9999 -9999 -9999 -9999 -9999 79 81 347 50 27 632 245 50 230 282 763 814 155 323 156 373 74 46 45 54 44 62 722 383 63 46 170 258 351 46 1158 5610 5468 5023 5877 5812 5878 5470 5743 3332 2906 627 3146 1250 3912 3993 45 33 44 537 873 583 1921 1368 3809 4496 5878 5878 5434 197 2459 5439 4921 5329 5878 5878 5878 5837 2025 0 0 0 0 -9999 -9999 -9999 -9999 -9999 -9999 -9999 -9999 -9999 -9999
-9999 -9999 -9999 -9999 -9999 -9999 -9999 80 159 567 125 322 159 422 374 171 1004 1210 1181 535 91 149 42 44 49 330 46 46 135 438 240 46 46 208 250 52 530 4553 5497 5878 5878 5878 5833 3736 4413 5306 5743 3438 3037 1945 1117 4142 2784 45 39 34 1310 1365 157 10 8 18 1740 3168 1842 5878 856 2289 5878 5878 5878 5878 5878 5844 2702 0 0 0 0 0 0 -9999 -9999 -9999 -9999 -9999 -9999 -9999 -9999 -9999
