bin/Debug/DLS/DLS/Input/sc1gr16.grid
ncols         109
nrows         140
xllcorner     1129355.625
yllcorner     4033173
cellsize      1000
NODATA_value  -9999
[rows 41 to 81 of 140, columns 0 to 90 of 109]
-9999 -9999 -9999 -9999 -9999 -9999 -9999 -9999 -9999 -9999 -9999 -9999 -9999 -9999 -9999 -9999 -9999 -9999 -9999 -9999 -9999 156 180 195 579 297 78 21 34 41 413 486 391 265 38 133 2966 2982 233 521 27 7 171 221 396 346 267 70 1016 1643 273 187 109 15 62 180 187 195 195 195 195 195 26 26 39 13 27 46 45 78 236 42 42 45 39 27 10 0 0 0 0 0 0 0 0 0 0 0 0 0 0
-9999 -9999 -9999 -9999 -9999 -9999 -9999 -9999 -9999 -9999 -9999 -9999 -9999 -9999 -9999 -9999 -9999 -9999 -9999 -9999 -9999 571 407 1440 172 446 125 8 37 17 73 337 571 182 79 187 618 58 731 50 21 9 83 287 507 149 108 210 770 978 164 187 0 15 187 195 195 195 195 195 195 26 47 37 2 9 19 13 12 57 63 47 46 23 26 2 0 0 0 0 0 0 0 0 0 0 0 0 0 0 0
-9999 -9999 -9999 -9999 -9999 -9999 -9999 -9999 -9999 -9999 -9999 -9999 -9999 -9999 -9999 -9999 -9999 -9999 -9999 -9999 -9999 -9999 657 446 266 939 39 45 133 211 245 400 96 190 83 195 76 2239 1128 211 39 26 78 82 120 101 17 43 78 133 187 140 39 109 187 195 195 195 187 17 30 34 42 4 0 9 43 15 45 43 43 37 32 36 42 10 0 0 0 0 0 0 0 0 0 0 0 0 0 0 0
-9999 -9999 -9999 -9999 -9999 -9999 -9999 -9999 -9999 -9999 -9999 -9999 -9999 -9999 -9999 -9999 -9999 -9999 -9999 -9999 -9999 -9999 256 222 160 342 111 53 245 200 83 83 186 100 97 106 78 1922 670 6 17 35 14 37 73 49 58 40 73 86 219 195 180 187 195 195 195 26 24 29 45 24 12 0 0 6 16 19 28 28 31 20 2 1 1 0 0 0 35 40 0 3 3 0 0 0 0 0 0 0 0
-9999 -9999 -9999 -9999 -9999 -9999 -9999 -9999 -9999 -9999 -9999 -9999 -9999 -9999 -9999 -9999 -9999 -9999 -9999 -9999 -9999 380 51 246 83 83 576 120 35 208 129 165 239 83 504 440 64 275 98 15 51 72 54 0 7 12 77 76 53 109 195 22 59 195 187 180 195 35 15 46 46 28 23 18 15 26 474 105 39 42 23 17 2 0 48 8 0 0 2 0 69 42 11 0 0 0 0 0 0 0 0
-9999 -9999 -9999 -9999 -9999 -9999 -9999 -9999 -9999 -9999 -9999 -9999 -9999 -9999 -9999 -9999 -9999 -9999 -9999 -9999 -9999 285 368 164 83 83 489 80 43 79 396 72 83 83 71 41 2 226 338 29 64 47 71 69 72 31 32 77 65 18 18 73 15 48 19 8 9 17 43 79 121 318 219 84 7 8 310 125 37 39 11 9 0 0 132 122 2 0 0 0 0 0 0 0 0 0 0 0 0 0 0
-9999 -9999 -9999 -9999 -9999 -9999 -9999 -9999 -9999 -9999 -9999 -9999 -9999 -9999 -9999 -9999 -9999 -9999 -9999 -9999 -9999 121 79 170 83 428 355 69 83 83 73 82 83 75 270 195 66 67 26 40 13 21 18 83 83 73 49 58 55 3 33 29 0 14 46 47 172 465 305 97 162 246 246 41 12 76 270 413 51 18 17 12 0 0 118 77 0 0 0 0 0 0 0 0 0 0 0 0 0 0 0
-9999 -9999 -9999 -9999 -9999 -9999 -9999 -9999 -9999 -9999 -9999 -9999 -9999 -9999 -9999 -9999 -9999 -9999 -9999 -9999 -9999 272 141 90 282 83 83 63 83 83 75 71 83 61 61 112 700 81 72 12 1 4 12 61 50 79 2427 495 30 74 40 27 29 42 91 46 648 571 47 96 276 29 9 28 46 57 197 206 52 192 16 0 0 0 12 13 0 0 0 0 0 0 0 0 0 0 0 0 0 0 0
-9999 -9999 -9999 -9999 -9999 -9999 -9999 -9999 -9999 -9999 -9999 -9999 -9999 -9999 -9999 -9999 -9999 -9999 -9999 -9999 -9999 -9999 208 216 494 83 169 186 316 218 83 1329 443 276 767 620 247 71 5 40 37 14 12 14 4 1061 4255 878 79 71 5 81 47 84 455 153 168 164 62 218 195 39 108 50 138 482 550 187 134 47 24 4 0 0 0 0 0 0 0 0 0 0 0 0 0 0 0 0 0 0 0
-9999 -9999 -9999 -9999 -9999 -9999 -9999 -9999 -9999 -9999 -9999 -9999 -9999 -9999 -9999 -9999 -9999 -9999 -9999 -9999 -9999 -9999 83 206 259 83 83 74 232 68 716 4729 1658 570 328 86 357 141 67 38 18 54 80 43 56 2111 1496 77 310 34 25 47 47 97 233 99 214 285 345 47 47 47 224 58 983 2515 2306 62 47 47 41 27 0 0 0 0 0 0 0 0 0 0 0 0 0 0 0 0 0 0 0
-9999 -9999 -9999 -9999 -9999 -9999 -9999 -9999 -9999 -9999 -9999 -9999 -9999 -9999 -9999 -9999 -9999 -9999 -9999 -9999 -9999 83 221 195 172 92 419 268 83 75 71 395 252 229 688 82 245 83 83 50 349 132 83 83 83 493 52 88 97 3 31 47 95 245 234 224 62 142 48 47 48 52 90 112 509 186 54 45 47 47 164 63 16 0 0 0 0 0 0 0 0 0 0 0 0 0 0 0 0 0 0
-9999 -9999 -9999 -9999 -9999 -9999 -9999 -9999 -9999 -9999 -9999 -9999 -9999 -9999 -9999 -9999 -9999 -9999 -9999 -9999 -9999 83 316 184 106 163 314 316 135 359 245 83 83 202 209 83 83 99 268 78 513 621 3299 1129 355 508 77 213 71 4 41 47 43 53 138 182 47 199 239 72 47 57 211 129 113 36 96 63 47 58 167 32 34 82 58 0 0 0 0 0 0 0 0 0 0 0 0 0 0 0 0
-9999 -9999 -9999 -9999 -9999 -9999 -9999 -9999 -9999 -9999 -9999 -9999 -9999 -9999 -9999 -9999 -9999 -9999 -9999 33 65 75 195 268 171 83 83 139 84 176 122 186 218 83 551 269 174 237 705 419 145 294 2346 1094 329 120 305 74 92 18 40 25 158 93 41 173 60 42 81 143 145 192 47 39 7 43 47 50 47 42 24 27 5 52 39 0 0 0 0 0 0 0 0 0 0 0 0 0 0 0 0
-9999 -9999 -9999 -9999 -9999 -9999 -9999 -9999 -9999 -9999 -9999 -9999 -9999 -9999 -9999 -9999 -9999 -9999 -9999 1 32 55 38 268 181 61 318 83 83 445 286 273 360 172 386 390 82 83 230 251 204 213 193 816 300 59 239 266 35 19 240 48 402 73 8 10 11 10 0 4 34 118 108 27 30 129 59 47 47 46 43 37 19 19 0 0 0 0 0 0 0 0 0 -9999 -9999 -9999 0 0 0 0 0
-9999 -9999 -9999 -9999 -9999 -9999 -9999 -9999 -9999 -9999 -9999 -9999 -9999 -9999 -9999 -9999 -9999 -9999 -9999 -9999 0 34 26 105 65 82 95 83 83 234 458 464 92 902 831 200 358 80 234 61 131 300 322 724 84 29 83 154 23 14 334 443 397 105 10 173 159 7 2 23 40 107 56 141 58 37 60 258 247 134 45 47 87 115 36 0 0 0 0 0 0 0 0 -9999 -9999 -9999 -9999 0 -9999 -9999 -9999
-9999 -9999 -9999 -9999 -9999 -9999 -9999 -9999 -9999 -9999 -9999 -9999 -9999 -9999 -9999 -9999 -9999 -9999 -9999 69 467 18 48 83 83 83 83 83 83 83 647 192 83 249 909 308 290 673 159 365 132 171 175 225 41 80 81 10 62 84 224 272 29 28 113 291 56 0 0 4 18 40 64 115 110 14 36 27 23 60 45 46 265 140 140 116 30 0 0 0 0 0 -9999 -9999 -9999 -9999 -9999 -9999 0 -9999 -9999
-9999 -9999 -9999 -9999 -9999 -9999 -9999 -9999 -9999 -9999 -9999 -9999 -9999 -9999 -9999 -9999 -9999 -9999 -9999 83 963 66 83 286 80 83 83 81 87 320 334 83 83 507 913 648 355 168 302 239 83 284 384 367 80 195 58 11 48 56 18 186 152 11 6 31 21 31 17 25 31 32 1 4 6 2 27 19 21 33 100 25 100 140 140 140 49 0 0 0 0 0 -9999 -9999 -9999 -9999 -9999 -9999 -9999 -9999 -9999
-9999 -9999 -9999 -9999 -9999 -9999 -9999 -9999 -9999 -9999 -9999 -9999 -9999 -9999 -9999 -9999 -9999 -9999 95 83 86 60 82 605 48 145 306 217 116 457 504 418 169 301 138 419 74 77 83 306 474 244 338 122 83 51 13 77 29 33 16 16 11 102 69 79 28 4 21 50 178 38 3 0 65 115 21 28 5 19 21 40 139 140 140 140 37 0 0 0 0 0 -9999 -9999 -9999 -9999 -9999 -9999 -9999 -9999 -9999
-9999 -9999 -9999 -9999 -9999 -9999 -9999 -9999 -9999 -9999 -9999 -9999 -9999 -9999 -9999 -9999 -9999 -9999 83 663 523 83 364 216 380 51 497 397 98 437 672 299 313 279 127 83 97 83 278 252 326 343 343 82 48 26 150 186 136 108 75 9 5 0 0 0 136 40 3 67 113 13 5 11 470 599 267 328 2 2 9 75 140 139 54 46 10 0 0 0 0 -9999 -9999 -9999 -9999 -9999 -9999 -9999 -9999 -9999 -9999
-9999 -9999 -9999 -9999 -9999 -9999 -9999 -9999 -9999 -9999 -9999 -9999 -9999 -9999 -9999 -9999 -9999 -9999 83 173 125 69 83 101 119 1010 3875 1144 137 705 400 83 123 83 83 83 488 598 571 177 645 400 80 31 31 82 47 27 89 96 34 14 11 0 0 26 34 24 10 19 39 31 0 74 258 185 7 166 6 21 33 100 122 49 0 0 0 0 0 0 -9999 -9999 -9999 -9999 -9999 -9999 -9999 -9999 -9999 -9999 -9999
-9999 -9999 -9999 -9999 -9999 -9999 -9999 -9999 -9999 -9999 -9999 -9999 -9999 -9999 -9999 -9999 83 83 83 625 126 75 83 136 308 804 1942 445 119 93 509 821 597 89 72 67 137 385 444 626 226 80 30 33 273 461 15 97 115 35 36 41 8 0 0 27 45 27 13 4 5 6 0 123 74 8 26 23 230 26 140 140 93 48 0 0 0 0 0 0 -9999 -9999 -9999 -9999 -9999 -9999 -9999 -9999 -9999 -9999 -9999
-9999 -9999 -9999 -9999 -9999 -9999 -9999 -9999 -9999 83 53 36 1 3 37 78 83 83 116 856 84 83 137 631 96 400 632 562 321 317 257 76 82 83 83 83 83 83 83 83 82 29 27 70 119 19 16 113 77 17 18 35 16 1 0 20 37 11 2 0 0 0 0 24 37 90 40 40 100 2 42 58 2 0 0 0 0 0 0 -9999 -9999 -9999 -9999 -9999 -9999 -9999 -9999 -9999 -9999 -9999 -9999
-9999 -9999 -9999 -9999 -9999 -9999 -9999 -9999 83 83 540 518 41 59 45 78 83 83 83 554 83 83 114 327 105 149 208 154 411 147 75 71 53 52 59 67 75 82 83 83 47 46 85 150 167 180 59 39 48 17 15 21 10 0 0 27 41 18 28 11 14 0 1 110 82 103 27 18 115 0 0 0 0 0 0 0 0 0 -9999 -9999 -9999 -9999 -9999 -9999 -9999 -9999 -9999 -9999 -9999 -9999 -9999
-9999 -9999 -9999 -9999 -9999 -9999 -9999 -9999 83 83 229 334 29 706 48 64 83 83 83 188 83 83 218 254 205 82 211 83 77 39 16 25 32 35 26 23 24 25 28 23 24 1605 773 430 125 174 175 77 58 48 19 173 120 13 0 24 13 3 19 31 42 30 183 50 37 19 16 9 4 0 0 0 0 0 0 0 0 0 -9999 -9999 -9999 -9999 -9999 -9999 -9999 -9999 -9999 -9999 -9999 -9999 -9999
-9999 -9999 -9999 -9999 -9999 -9999 -9999 74 83 83 83 775 313 31 37 70 83 83 296 83 83 83 227 371 312 70 68 20 32 31 54 83 17 45 40 25 32 16 14 182 725 2598 2925 1899 1816 626 101 76 11 76 17 38 272 0 2 92 8 7 10 86 53 125 147 107 47 16 0 0 6 0 0 0 0 0 0 0 0 0 -9999 -9999 -9999 -9999 -9999 -9999 -9999 -9999 -9999 -9999 -9999 -9999 -9999
-9999 -9999 -9999 -9999 -9999 -9999 -9999 95 83 83 83 50 124 207 39 83 79 78 253 83 83 83 428 125 46 12 25 21 162 21 2 51 47 47 47 45 43 15 255 615 926 1723 1229 226 582 38 10 185 29 76 156 115 39 17 201 130 7 366 1747 1432 13 149 160 35 38 1 0 0 0 2 59 69 0 0 0 0 0 0 -9999 -9999 -9999 -9999 -9999 -9999 -9999 -9999 -9999 -9999 -9999 -9999 -9999
-9999 -9999 -9999 -9999 -9999 -9999 -9999 76 83 364 170 26 110 287 303 568 87 83 83 83 83 223 724 25 40 46 625 129 85 46 20 41 47 46 193 36 62 1071 2637 1286 825 479 130 35 43 45 24 31 92 30 29 0 0 16 39 34 25 172 1163 774 9 219 92 13 108 3 0 73 0 14 140 148 0 0 0 0 0 -9999 -9999 -9999 -9999 -9999 -9999 -9999 -9999 -9999 -9999 -9999 -9999 -9999 -9999
-9999 -9999 -9999 -9999 -9999 -9999 -9999 76 83 218 141 74 296 775 313 280 83 83 77 73 83 2127 1448 17 23 162 411 41 42 39 47 47 47 40 20 97 87 545 1616 2958 2929 2571 118 7 15 25 24 3 2 0 0 0 0 0 97 170 83 38 153 271 464 21 64 116 95 0 0 207 332 158 87 0 0 0 0 0 0 0 -9999 -9999 -9999 -9999 -9999 -9999 -9999 -9999 -9999 -9999 -9999 -9999 -9999
-9999 -9999 -9999 -9999 -9999 -9999 -9999 71 226 101 70 47 20 245 2561 83 72 44 75 74 83 426 243 14 17 79 48 47 47 41 36 47 47 47 29 34 86 1094 2971 2971 2971 2807 830 0 2 0 0 6 44 5 0 0 0 0 0 29 115 370 171 29 162 18 27 12 2 0 0 148 110 96 34 0 0 0 0 0 0 0 -9999 -9999 -9999 -9999 -9999 -9999 -9999 -9999 -9999 -9999 -9999 -9999 -9999
-9999 -9999 -9999 -9999 -9999 -9999 46 46 142 87 83 76 31 142 285 407 73 37 74 83 83 193 83 9 30 210 204 47 47 81 221 50 616 905 36 996 1508 2768 2971 2971 2971 1721 0 14 18 58 206 41 24 593 198 16 3 31 0 0 0 58 131 124 97 2 0 20 6 0 0 0 0 0 0 0 0 0 0 0 0 0 -9999 -9999 -9999 -9999 -9999 -9999 -9999 -9999 -9999 -9999 -9999 -9999 -9999
-9999 -9999 -9999 -9999 -9999 83 80 68 83 83 83 65 32 262 408 517 357 83 90 83 83 365 46 176 46 195 98 72 90 68 62 1142 2189 2440 557 256 1213 2783 2971 2971 2971 2700 156 432 144 297 54 57 76 701 1577 509 278 77 0 1 1 0 0 0 0 220 165 28 34 0 0 0 0 0 0 0 0 0 0 0 0 -9999 -9999 -9999 -9999 -9999 -9999 -9999 -9999 -9999 -9999 -9999 -9999 -9999 -9999
-9999 -9999 -9999 -9999 -9999 199 83 129 148 83 40 1 4 154 412 266 123 83 786 556 83 139 45 106 47 47 47 207 228 72 64 443 64 181 729 236 536 942 2190 2971 2971 1796 89 192 123 57 238 583 356 102 165 94 98 42 24 17 4 0 1 0 0 13 113 261 45 0 0 9 426 295 0 0 0 0 184 135 3 0 0 -9999 -9999 -9999 -9999 -9999 -9999 -9999 -9999 -9999 -9999 -9999 -9999
-9999 -9999 -9999 -9999 -9999 -9999 79 79 380 199 36 0 0 30 139 749 254 83 134 92 144 386 42 69 47 47 45 94 55 63 128 462 43 50 170 47 79 15 170 5489 6307 1736 103 181 264 133 281 1057 192 422 102 85 15 17 33 394 62 0 3 92 0 0 0 0 0 0 0 0 8 0 0 0 0 0 246 306 44 0 0 -9999 -9999 -9999 -9999 -9999 -9999 -9999 -9999 -9999 -9999 -9999 -9999
-9999 -9999 -9999 -9999 -9999 -9999 -9999 -9999 -9999 -9999 73 2 0 1 72 432 179 83 83 83 314 166 45 62 47 47 36 263 43 24 43 184 173 143 321 33 517 232 93 3103 2517 196 1393 725 499 175 45 47 577 191 102 717 251 21 235 930 632 0 0 0 0 0 0 0 0 0 0 0 0 0 0 0 0 28 284 306 63 0 0 0 -9999 -9999 -9999 -9999 -9999 -9999 -9999 -9999 -9999 -9999 -9999
-9999 -9999 -9999 -9999 -9999 -9999 -9999 -9999 -9999 76 76 43 12 33 36 83 83 399 83 62 86 133 122 67 33 41 42 15 92 227 144 4 30 45 43 35 102 1080 1661 962 256 1668 5388 2215 40 455 295 77 132 102 520 557 448 166 117 10 0 0 0 0 0 0 0 0 0 0 0 0 0 0 0 0 0 175 306 306 52 0 0 0 -9999 -9999 -9999 -9999 -9999 -9999 -9999 -9999 -9999 -9999 -9999
-9999 -9999 -9999 -9999 -9999 -9999 -9999 -9999 211 65 83 83 73 150 696 158 76 778 144 242 200 157 162 0 8 19 80 100 23 78 82 208 352 49 37 55 91 1032 1639 886 3129 2997 3577 1302 896 135 168 102 202 294 262 1367 416 506 589 0 0 0 0 0 102 451 277 23 0 0 0 0 0 0 0 0 9 254 306 304 11 0 0 0 -9999 -9999 -9999 -9999 -9999 -9999 -9999 -9999 -9999 -9999 -9999
-9999 -9999 -9999 -9999 -9999 -9999 -9999 -9999 83 83 75 62 61 224 340 349 243 73 75 67 232 60 151 7 37 34 103 45 35 126 172 101 47 54 242 621 118 1636 2969 2363 1705 1421 4204 5051 4729 916 200 63 519 495 515 1715 813 251 215 25 32 47 63 82 339 588 256 269 153 20 0 0 0 0 0 62 237 306 306 273 0 0 0 0 -9999 -9999 -9999 -9999 -9999 -9999 -9999 -9999 -9999 -9999 -9999
-9999 -9999 -9999 -9999 -9999 -9999 -9999 199 83 395 70 44 686 288 83 743 920 2809 3177 424 332 4 167 67 47 42 35 39 29 732 386 54 47 49 203 746 51 1319 6166 6006 5368 5714 6383 6457 6005 5929 1348 658 128 861 397 1100 1214 79 40 102 241 336 252 479 437 1097 375 306 306 282 9 128 282 256 277 306 306 306 303 104 0 0 0 0 -9999 -9999 -9999 -9999 -9999 -9999 -9999 -9999 -9999 -9999 -9999
-9999 -9999 -9999 -9999 -9999 -9999 -9999 83 109 626 139 368 197 477 423 199 3941 4775 4642 2050 3 3 27 36 49 336 47 47 138 448 234 43 31 189 483 61 4188 5006 6044 6457 6457 6457 6409 3974 2360 1224 941 302 203 168 138 754 866 82 36 45 403 466 114 1 10 34 191 163 95 306 43 118 306 306 306 306 306 304 140 0 0 0 0 0 0 -9999 -9999 -9999 -9999 -9999 -9999 -9999 -9999 -9999 -9999
-9999 -9999 -9999 -9999 -9999 -9999 -9999 66 69 201 92 366 165 83 472 246 2382 3493 2423 63 2 23 31 47 121 435 55 47 166 370 137 54 46 386 407 3300 6201 6457 6457 6457 6457 6457 6221 4613 4786 5214 364 755 547 191 177 178 940 1431 3268 2641 0 213 273 108 5 75 168 34 0 281 87 0 182 306 306 306 289 100 0 0 0 0 0 0 0 -9999 -9999 -9999 -9999 -9999 -9999 -9999 -9999 -9999 -9999
-9999 -9999 -9999 -9999 -9999 -9999 196 71 82 481 347 70 83 81 249 148 802 73 384 0 7 36 46 46 85 132 47 52 67 78 105 38 184 701 199 5064 4662 6457 6457 6457 6457 6421 5228 2312 2971 2846 174 1399 971 45 1290 148 841 5968 6457 4497 254 380 177 511 0 77 246 2 0 210 127 0 148 248 115 238 47 0 0 0 0 0 0 0 0 0 -9999 -9999 -9999 -9999 -9999 -9999 -9999 -9999 -9999
