bin/Debug/DLS/DLS/Input/sc1gr0.grid
ncols         109
nrows         140
xllcorner     1129355.625
yllcorner     4033173
cellsize      1000
NODATA_value  -9999
[rows 36 to 71 of 140, columns 0 to 81 of 109]
-9999 -9999 -9999 -9999 -9999 -9999 -9999 -9999 -9999 -9999 4679 4679 4676 4676 4676 4673 4676 4682 4682 4682 4679 4679 4685 4688 4688 4688 4691 4691 4694 4694 4694 4694 4691 4694 4694 4697 4697 4697 4697 4701 4701 4697 4697 4694 4694 4694 4697 4701 4701 4701 4701 4704 4707 4707 4707 4707 4707 4707 4707 4707 4707 4707 4710 4710 4713 4713 4713 4713 4713 4701 4701 4701 4701 4701 4701 4701 4701 4701 4701 4701 4701 4701
-9999 -9999 -9999 -9999 -9999 -9999 -9999 -9999 -9999 -9999 -9999 4679 4676 4676 4676 4673 4676 -9999 4682 4682 4679 4682 4685 4688 4688 4688 4691 4691 4694 4694 4694 4691 4694 4694 4694 4697 4697 4697 4691 4694 4694 4694 4694 4694 4694 4694 4694 4694 4694 4694 4700 4707 4707 4707 4707 4707 4707 4707 4707 4707 4707 4707 4707 4710 4713 4713 4713 4713 4713 4713 4701 4701 4701 4701 4701 4701 4701 4701 4701 4701 4701 4701
-9999 -9999 -9999 -9999 -9999 -9999 -9999 -9999 -9999 -9999 -9999 4679 4676 4676 -9999 -9999 -9999 -9999 -9999 4682 4679 4682 4682 4685 4688 4688 4691 4691 4694 4694 4694 4691 4694 4694 4697 4694 4691 4691 4688 4691 4691 4691 4691 4691 4694 4694 4694 4694 4694 4697 4697 4700 4703 4707 4707 4707 4707 4707 4707 4707 4707 4707 4707 4713 4713 4713 4713 4713 4713 4701 4701 4701 4701 4701 4701 4701 4701 4701 4701 4701 4701 4701
-9999 -9999 -9999 -9999 -9999 -9999 -9999 -9999 -9999 -9999 -9999 4679 4679 -9999 -9999 -9999 -9999 -9999 -9999 4682 4685 4682 4682 4685 4688 4688 4691 4691 4694 4694 4691 4691 4694 4694 4691 4688 4688 4688 4691 4691 4691 4691 4691 4691 4691 4691 4691 4691 4694 4697 4700 4700 4700 4700 4703 4707 4707 4707 4707 4707 4707 4707 4707 4710 4713 4713 4713 4713 4713 4713 4701 4701 4701 4701 4701 4701 4701 4701 4701 4701 4701 4701
-9999 -9999 -9999 -9999 -9999 -9999 -9999 -9999 -9999 -9999 -9999 -9999 -9999 -9999 -9999 -9999 -9999 -9999 -9999 -9999 4685 4682 4682 4685 4688 4688 4691 4694 4694 4691 4691 4691 4691 4685 4688 4688 4688 4688 4691 4691 4691 4691 4691 4691 4691 4691 4691 4691 4694 4697 4700 4700 4700 4700 4700 4703 4707 4707 4707 4707 4707 4707 4710 4710 4713 4713 4713 4713 4713 4713 4713 4701 4701 4701 4701 4701 4701 4701 4701 4701 4701 4701
-9999 -9999 -9999 -9999 -9999 -9999 -9999 -9999 -9999 -9999 -9999 -9999 -9999 -9999 -9999 -9999 -9999 -9999 -9999 -9999 -9999 4682 4682 4685 4688 4688 4691 4694 4694 4691 4691 4688 4685 4688 4688 4688 4688 4688 4691 4691 4691 4691 4688 4688 4688 4688 4688 4691 4691 4694 4697 4700 4700 4700 4700 4700 4700 4707 4707 4707 4707 4707 4710 4710 4713 4713 4713 4713 4713 4713 4713 4719 4719 4719 4722 4725 4725 4728 4728 4728 4701 4701
-9999 -9999 -9999 -9999 -9999 -9999 -9999 -9999 -9999 -9999 -9999 -9999 -9999 -9999 -9999 -9999 -9999 -9999 -9999 -9999 -9999 4682 4682 4685 4688 4688 4691 4694 4691 4691 4685 4685 4685 4688 4688 4688 4688 4691 4691 4688 4688 4688 4688 4688 4688 4688 4688 4691 4694 4694 4694 4694 4694 4700 4700 4700 4700 4703 4707 4707 4707 4707 4710 4710 4710 4713 4713 4713 4713 4713 4716 4719 4719 4719 4719 4725 4725 4728 4728 4728 4728 4728
-9999 -9999 -9999 -9999 -9999 -9999 -9999 -9999 -9999 -9999 -9999 -9999 -9999 -9999 -9999 -9999 -9999 -9999 -9999 -9999 -9999 -9999 4682 4685 4688 4688 4691 4694 4691 4685 4682 4685 4685 4688 4688 4688 4688 4688 4688 4685 4685 4685 4685 4688 4688 4688 4691 4694 4694 4694 4694 4694 4694 4694 4697 4700 4700 4700 4703 4707 4707 4710 4710 4710 4710 4713 4713 4713 4713 4716 4719 4719 4719 4719 4719 4725 4725 4728 4728 4728 4728 4728
-9999 -9999 -9999 -9999 -9999 -9999 -9999 -9999 -9999 -9999 -9999 -9999 -9999 -9999 -9999 -9999 -9999 -9999 -9999 -9999 -9999 -9999 4682 4685 4688 4688 4694 4691 4688 4682 4685 4685 4688 4688 4688 4685 4685 4685 4685 4685 4685 4685 4685 4685 4685 4688 4691 4694 4694 4694 4694 4694 4694 4694 4697 4697 4700 4700 4700 4703 4707 4710 4710 4710 4710 4713 4713 4713 4716 4719 4719 4719 4719 4719 4722 4725 4725 4728 4728 4728 4728 4728
-9999 -9999 -9999 -9999 -9999 -9999 -9999 -9999 -9999 -9999 -9999 -9999 -9999 -9999 -9999 -9999 -9999 -9999 -9999 -9999 -9999 4682 4682 4685 4688 4688 4694 4688 4685 4682 4685 4685 4688 4685 4682 4682 4685 4685 4685 4685 4685 4685 4685 4685 4688 4691 4691 4691 4691 4694 4694 4694 4694 4694 4694 4697 4697 4700 4700 4700 4710 4710 4710 4710 4710 4713 4713 4713 4719 4719 4719 4719 4719 4719 4722 4725 4728 4731 4731 4731 4731 4701
-9999 -9999 -9999 -9999 -9999 -9999 -9999 -9999 -9999 -9999 -9999 -9999 -9999 -9999 -9999 -9999 -9999 -9999 -9999 -9999 -9999 4682 4682 4685 4688 4688 4691 4685 4682 4682 4685 4688 4685 4682 4682 4685 4685 4685 4685 4685 4685 4685 4685 4688 4691 4691 4691 4691 4691 4691 4694 4694 4694 4694 4694 4694 4697 4697 4700 4700 4707 4710 4710 4710 4710 4713 4713 4719 4719 4719 4719 4722 4722 4722 4725 4725 4731 4701 4701 4701 4701 4701
-9999 -9999 -9999 -9999 -9999 -9999 -9999 -9999 -9999 -9999 -9999 -9999 -9999 -9999 -9999 -9999 -9999 -9999 -9999 -9999 -9999 4682 4682 4685 4688 4691 4688 4685 4682 4685 4682 4685 4682 4682 4682 4685 4685 4685 4685 4685 4685 4685 4688 4691 4691 4691 4691 4691 4691 4694 4694 4697 4697 4694 4694 4694 4697 4697 4697 4700 4704 4710 4710 4710 4710 4713 4719 4722 4722 4722 4722 4722 4722 4722 4725 4725 4731 4701 4701 4701 4701 4701
-9999 -9999 -9999 -9999 -9999 -9999 -9999 -9999 -9999 -9999 -9999 -9999 -9999 -9999 -9999 -9999 -9999 -9999 -9999 -9999 -9999 4682 4682 4685 4688 4688 4685 4682 4682 4682 4682 4682 4682 4682 4685 4685 4685 4685 4682 4682 4682 4685 4688 4691 4691 4691 4694 4694 4694 4694 4694 4694 4697 4697 4697 4697 4697 4701 4701 4704 4707 4710 4713 4713 4713 4716 4722 4722 4722 4722 4722 4722 4722 4725 4725 4725 4731 4734 4701 4701 4701 4701
-9999 -9999 -9999 -9999 -9999 -9999 -9999 -9999 -9999 -9999 -9999 -9999 -9999 -9999 -9999 -9999 -9999 -9999 -9999 -9999 -9999 -9999 4682 4685 4688 4688 4685 4682 4682 4682 4685 4682 4682 4682 4685 4685 4682 4682 4682 4682 4688 4691 4691 4691 4691 4691 4691 4691 4694 4694 4694 4694 4694 4697 4697 4697 4697 4701 4701 4704 4707 4710 4713 4713 4713 4719 4722 4722 4722 4722 4722 4722 4722 4725 4725 4725 4734 4734 4701 4701 4701 4701
-9999 -9999 -9999 -9999 -9999 -9999 -9999 -9999 -9999 -9999 -9999 -9999 -9999 -9999 -9999 -9999 -9999 -9999 -9999 -9999 -9999 -9999 4682 4685 4688 4688 4682 4682 4682 4682 4682 4682 4682 4685 4682 4682 4682 4682 4685 4685 4688 4688 4688 4688 4688 4688 4688 4691 4691 4691 4694 4694 4694 4694 4697 4697 4697 4697 4701 4704 4704 4707 4713 4713 4716 4719 4722 4722 4722 4722 4722 4722 4722 4725 4725 4728 4734 4734 4701 4701 4701 4701
-9999 -9999 -9999 -9999 -9999 -9999 -9999 -9999 -9999 -9999 -9999 -9999 -9999 -9999 -9999 -9999 -9999 -9999 -9999 -9999 -9999 4682 4682 4685 4685 4685 4682 4679 4682 4682 4682 4682 4682 4682 4682 4682 4679 4685 4688 4688 4688 4688 4688 4688 4688 4688 4688 4688 4688 4691 4691 4694 4694 4694 4697 4697 4697 4697 4704 4704 4704 4707 4713 4716 4719 4719 4722 4722 4722 4722 4722 4722 4722 4725 4728 4728 4734 4734 4701 4701 4701 4701
-9999 -9999 -9999 -9999 -9999 -9999 -9999 -9999 -9999 -9999 -9999 -9999 -9999 -9999 -9999 -9999 -9999 -9999 -9999 -9999 -9999 4682 4682 4685 4685 4682 4682 4679 4682 4682 4682 4682 4682 4682 4682 4682 4685 4688 4688 4688 4688 4688 4688 4688 4688 4688 4688 4688 4688 4688 4691 4691 4694 4694 4694 4697 4697 4697 4704 4704 4704 4704 4710 4719 4719 4722 4722 4722 4722 4722 4722 4722 4725 4728 4728 4731 4734 4701 4701 4701 4701 4701
-9999 -9999 -9999 -9999 -9999 -9999 -9999 -9999 -9999 -9999 -9999 -9999 -9999 -9999 -9999 -9999 -9999 -9999 -9999 4682 4682 4682 4682 4685 4682 4682 4679 4682 4679 4682 4682 4679 4682 4682 4682 4685 4688 4688 4688 4688 4688 4688 4688 4688 4688 4688 4688 4688 4688 4688 4688 4691 4691 4694 4694 4697 4697 4697 4701 4704 4704 4704 4713 4719 4719 4722 4722 4722 4722 4722 4722 4722 4728 4728 4728 4731 4701 4701 4701 4701 4701 4701
-9999 -9999 -9999 -9999 -9999 -9999 -9999 -9999 -9999 -9999 -9999 -9999 -9999 -9999 -9999 -9999 -9999 -9999 -9999 4682 4682 4682 4682 4685 4685 4682 4679 4682 4682 4682 4679 4682 4682 4679 4682 4688 4688 4685 4682 4682 4682 4682 4682 4685 4685 4688 4688 4688 4688 4688 4688 4688 4691 4694 4694 4697 4697 4701 4701 4704 4704 4704 4716 4719 4719 4722 4722 4722 4722 4722 4722 4728 4728 4728 4701 4701 4701 4701 4701 4701 4701 4701
-9999 -9999 -9999 -9999 -9999 -9999 -9999 -9999 -9999 -9999 -9999 -9999 -9999 -9999 -9999 -9999 -9999 -9999 -9999 -9999 4679 4682 4682 4685 4685 4682 4679 4682 4682 4682 4679 4682 4679 4682 4688 4685 4682 4682 4679 4679 4679 4679 4682 4682 4682 4685 4685 4688 4688 4688 4688 4688 4688 4691 4694 4694 4697 4701 4701 4704 4704 4707 4716 4719 4719 4722 4722 4722 4722 4722 4725 4728 4728 4728 4701 4701 4701 4701 4701 4701 4701 4701
-9999 -9999 -9999 -9999 -9999 -9999 -9999 -9999 -9999 -9999 -9999 -9999 -9999 -9999 -9999 -9999 -9999 -9999 -9999 4682 4679 4682 4685 4685 4682 4679 4679 4679 4682 4679 4682 4679 4682 4685 4682 4682 4679 4679 4679 4679 4676 4679 4679 4679 4679 4682 4682 4685 4688 4688 4688 4688 4688 4691 4694 4694 4697 4701 4701 4704 4707 4710 4716 4719 4719 4722 4722 4722 4722 4725 4725 4728 4728 4728 4734 4701 4701 4701 4701 4701 4701 4701
-9999 -9999 -9999 -9999 -9999 -9999 -9999 -9999 -9999 -9999 -9999 -9999 -9999 -9999 -9999 -9999 -9999 -9999 -9999 4682 4679 4682 4685 4685 4682 4679 4682 4682 4682 4679 4682 4679 4682 4682 4682 4679 4679 4676 4673 4673 4673 4673 4673 4676 4679 4679 4682 4685 4688 4688 4688 4688 4688 4688 4694 4694 4697 4701 4701 4704 4710 4710 4716 4719 4719 4722 4722 4722 4725 4725 4728 4728 4728 4734 4737 4701 4701 4701 4701 4701 4701 4701
-9999 -9999 -9999 -9999 -9999 -9999 -9999 -9999 -9999 -9999 -9999 -9999 -9999 -9999 -9999 -9999 -9999 -9999 4679 4682 4679 4682 4685 4685 4682 4679 4682 4682 4682 4679 4679 4682 4685 4682 4679 4679 4676 4673 4673 4673 4673 4673 4673 4673 4673 4679 4679 4682 4685 4688 4688 4688 4688 4688 4691 4694 4701 4701 4701 4707 4710 4710 4716 4719 4722 4722 4722 4722 4725 4725 4728 4731 4731 4737 4740 4743 4701 4701 4701 4701 4701 4701
-9999 -9999 -9999 -9999 -9999 -9999 -9999 -9999 -9999 -9999 -9999 -9999 -9999 -9999 -9999 -9999 -9999 -9999 4679 4682 4679 4682 4685 4682 4682 4679 4682 4682 4679 4682 4679 4682 4682 4679 4679 4676 4673 4673 4673 4673 4673 4673 4673 4673 4673 4673 4679 4682 4685 4688 4688 4688 4688 4688 4691 4694 4701 4701 4701 4710 4710 4710 4719 4719 4722 4722 4722 4725 4725 4728 4731 4731 4734 4737 4743 4743 4701 4701 4701 4701 4701 -9999
-9999 -9999 -9999 -9999 -9999 -9999 -9999 -9999 -9999 -9999 -9999 -9999 -9999 -9999 -9999 -9999 -9999 -9999 4682 4682 4679 4682 4685 4685 4682 4679 4679 4682 4679 4682 4682 4685 4682 4679 4676 4673 4673 4673 4673 4673 4673 4673 4673 4673 4673 4673 4676 4679 4682 4685 4688 4688 4688 4688 4691 4694 4701 4701 4704 4710 4710 4710 4719 4719 4722 4722 4725 4725 4725 4731 4731 4734 4737 4737 4743 4743 4701 4701 4701 4701 -9999 -9999
-9999 -9999 -9999 -9999 -9999 -9999 -9999 -9999 -9999 -9999 -9999 -9999 -9999 -9999 -9999 -9999 4676 4673 4682 4682 4682 4682 4685 4685 4682 4679 4682 4682 4679 4682 4682 4685 4679 4679 4673 4673 4673 4673 4673 4673 4673 4673 4673 4673 4673 4673 4673 4679 4682 4685 4688 4688 4688 4688 4691 4697 4701 4701 4710 4710 4710 4713 4719 4722 4722 4725 4725 4725 4731 4731 4734 4737 4737 4743 4743 4743 4701 4701 4701 4701 -9999 -9999
-9999 -9999 -9999 -9999 -9999 -9999 -9999 -9999 -9999 4664 4667 4664 4670 4673 4673 4673 4676 4676 4682 4682 4682 4682 4685 4685 4682 4679 4682 4682 4679 4682 4682 4682 4679 4676 4673 4673 4673 4673 4673 4673 4673 4673 4673 4673 4673 4673 4673 4679 4682 4685 4688 4688 4688 4688 4691 4697 4701 4704 4710 4710 4710 4713 4719 4722 4722 4725 4725 4731 4734 4734 4734 4737 4740 4743 4743 4746 4701 4701 4701 -9999 -9999 -9999
-9999 -9999 -9999 -9999 -9999 -9999 -9999 -9999 4664 4664 4667 4667 4670 4673 4673 4676 4673 4682 4682 4682 4682 4682 4688 4685 4682 4682 4682 4682 4679 4679 4682 4682 4679 4676 4673 4673 4673 4673 4673 4673 4673 4673 4673 4673 4673 4673 4673 4679 4682 4685 4688 4688 4688 4688 4691 4697 4701 4707 4710 4710 4710 4716 4719 4722 4725 4725 4728 4734 4734 4734 4737 4740 4743 4743 4746 4701 4701 4701 -9999 -9999 -9999 -9999
-9999 -9999 -9999 -9999 -9999 -9999 -9999 -9999 4664 4667 4664 4670 4673 4673 4673 4673 4673 4682 4682 4682 4682 4685 4688 4688 4682 4682 4682 4682 4679 4679 4682 4682 4679 4676 4673 4673 4673 4673 4673 4673 4673 4673 4673 4673 4673 4673 4673 4679 4682 4685 4688 4688 4688 4688 4697 4701 4704 4707 4710 4710 4713 4719 4722 4725 4725 4728 4734 4734 4734 4734 4740 4740 4746 4746 4746 4701 4701 4701 -9999 -9999 -9999 -9999
-9999 -9999 -9999 -9999 -9999 -9999 -9999 4664 4664 4667 4667 4670 4673 4673 4673 4676 4673 4682 4682 4685 4682 4685 4691 4688 4682 4682 4682 4682 4679 4682 4682 4685 4679 4679 4673 4673 4673 4673 4673 4673 4673 4673 4673 4673 4673 4673 4673 4679 4682 4685 4688 4688 4688 4688 4697 4701 4707 4710 4710 4710 4713 4719 4725 4725 4725 4728 4734 4734 4734 4737 4740 4746 4746 4746 4752 4701 4701 4701 -9999 -9999 -9999 -9999
-9999 -9999 -9999 -9999 -9999 -9999 -9999 4667 4667 4667 4670 4670 4673 4673 4676 4676 4682 4685 4682 4685 4682 4685 4691 4688 4682 4685 4682 4682 4679 4682 4682 4688 4682 4679 4673 4673 4673 4673 4673 4673 4673 4673 4673 4673 4673 4673 4673 4682 4685 4688 4688 4688 4688 4691 4697 4707 4707 4710 4710 4710 4716 4722 4725 4725 4728 4734 4734 4734 4737 4740 4746 4746 4746 4752 4752 4701 4701 4701 -9999 -9999 -9999 -9999
-9999 -9999 -9999 -9999 -9999 -9999 -9999 4667 4667 4670 4670 4673 4673 4676 4676 4676 4682 4685 4682 4685 4682 4685 4694 4691 4682 4685 4682 4682 4682 4682 4682 4688 4682 4679 4676 4673 4673 4673 4673 4673 4673 4673 4673 4673 4673 4673 4679 4682 4685 4688 4688 4688 4688 4697 4701 4707 4710 4710 4710 4713 4719 4725 4725 4728 4734 4734 4734 4737 4743 4743 4746 4749 4752 4755 4755 4701 4701 -9999 -9999 -9999 -9999 -9999
-9999 -9999 -9999 -9999 -9999 -9999 -9999 4670 4670 4670 4670 4673 4673 4676 4676 4676 4682 4685 4685 4685 4682 4685 4694 4691 4682 4685 4685 4682 4682 4682 4682 4688 4685 4682 4679 4676 4673 4673 4673 4673 4673 4673 4673 4673 4673 4676 4682 4685 4688 4688 4688 4688 4691 4697 4707 4707 4710 4710 4710 4716 4725 4725 4728 4734 4734 4734 4734 4743 4743 4746 4749 4752 4755 4755 4758 4701 4701 4701 -9999 -9999 -9999 -9999
-9999 -9999 -9999 -9999 -9999 -9999 -9999 4670 4673 4673 4676 4676 4679 4679 4682 4682 4679 4685 4688 4685 4682 4688 4694 4691 4685 4688 4688 4682 4682 4685 4682 4688 4688 4685 4682 4679 4676 4673 4673 4673 4673 4673 4673 4673 4679 4682 4682 4685 4688 4688 4688 4688 4697 4707 4707 4710 4710 4710 4713 4725 4725 4728 4731 4734 4734 4734 4743 4743 4749 4749 4755 4755 4755 4758 4758 4701 4701 4701 -9999 -9999 -9999 -9999
-9999 -9999 -9999 -9999 -9999 -9999 4673 4673 4673 4676 4679 4679 4679 4682 4682 4685 4682 4688 4688 4685 4685 4688 4694 4694 4688 4688 4688 4682 4682 4685 4682 4685 4688 4688 4685 4682 4679 4679 4676 4673 4673 4676 4679 4679 4682 4685 4685 4688 4688 4688 4688 4694 4701 4707 4707 4710 4710 4713 4719 4725 4728 4731 4734 4734 4734 4743 4743 4749 4749 4755 4755 4758 4758 4758 4762 4701 4701 4701 -9999 -9999 -9999 -9999
-9999 -9999 -9999 -9999 -9999 4673 4673 4673 4676 4679 4679 4682 4682 4682 4688 4685 4682 4691 4688 4688 4685 4688 4694 4694 4691 4691 4688 4688 4682 4685 4685 4685 4688 4688 4688 4685 4682 4682 4682 4679 4679 4682 4682 4682 4685 4688 4688 4688 4688 4688 4691 4697 4707 4707 4710 4710 4710 4716 4725 4728 4731 4734 4734 4734 4743 4743 4749 4752 4755 4755 4758 4758 4762 4762 4765 4701 4701 -9999 -9999 -9999 -9999 -9999
