bin/Debug/DLS/DLS/Input/sc1gr14.grid
ncols         109
nrows         140
xllcorner     1129355.625
yllcorner     4033173
cellsize      1000
NODATA_value  -9999
[rows 78 to 116 of 140, columns 0 to 87 of 109]
-9999 -9999 -9999 -9999 -9999 -9999 -9999 176 177 177 178 178 179 179 180 180 181 181 182 183 183 184 184 185 185 186 187 187 188 188 189 190 190 191 191 192 193 193 194 194 195 196 196 197 198 198 199 200 200 201 201 202 203 203 204 205 205 206 205 205 204 203 202 201 201 200 199 198 197 197 196 195 194 193 193 192 191 190 189 189 -9999 -9999 -9999 -9999 -9999 -9999 -9999 -9999
-9999 -9999 -9999 -9999 -9999 -9999 -9999 177 178 178 179 179 180 180 181 181 182 182 183 183 184 185 185 186 186 187 187 188 189 189 190 190 191 192 192 193 193 194 195 195 196 196 197 198 198 199 200 200 201 202 202 203 204 204 205 206 206 206 205 204 203 202 202 201 200 199 198 198 197 196 195 194 194 193 192 191 190 190 189 188 187 -9999 -9999 -9999 -9999 -9999 -9999 -9999
-9999 -9999 -9999 -9999 -9999 -9999 -9999 178 178 179 179 180 180 181 182 182 183 183 184 184 185 185 186 186 187 188 188 189 189 190 191 191 192 192 193 194 194 195 195 196 197 197 198 198 199 200 200 201 202 202 203 204 204 205 206 206 206 205 204 203 203 202 201 200 199 199 198 197 196 195 195 194 193 192 191 191 190 189 188 187 187 -9999 -9999 -9999 -9999 -9999 -9999 -9999
-9999 -9999 -9999 -9999 -9999 -9999 178 179 179 180 180 181 181 182 182 183 183 184 185 185 186 186 187 187 188 188 189 190 190 191 191 192 193 193 194 194 195 196 196 197 197 198 199 199 200 201 201 202 202 203 204 204 205 206 206 206 205 204 204 203 202 201 200 200 199 198 197 196 196 195 194 193 192 192 191 190 189 188 188 187 186 185 -9999 -9999 -9999 -9999 -9999 -9999
-9999 -9999 -9999 -9999 -9999 -9999 179 180 180 181 181 182 182 183 183 184 184 185 185 186 186 187 188 188 189 189 190 190 191 192 192 193 193 194 195 195 196 196 197 198 198 199 199 200 201 201 202 203 203 204 205 205 206 206 206 206 205 204 203 202 201 201 200 199 198 197 197 196 195 194 193 193 192 191 190 189 189 188 187 186 185 185 -9999 -9999 -9999 -9999 -9999 -9999
-9999 -9999 -9999 -9999 -9999 179 180 180 181 181 182 182 183 184 184 185 185 186 186 187 187 188 188 189 189 190 191 191 192 192 193 194 194 195 195 196 197 197 198 198 199 200 200 201 201 202 203 203 204 205 205 206 207 207 206 205 204 203 203 202 201 200 199 198 198 197 196 195 194 194 193 192 191 190 190 189 188 187 186 186 185 184 -9999 -9999 -9999 -9999 -9999 -9999
-9999 -9999 -9999 -9999 -9999 180 181 181 182 182 183 183 184 184 185 185 186 186 187 188 188 189 189 190 190 191 191 192 193 193 194 194 195 196 196 197 197 198 199 199 200 200 201 202 202 203 203 204 205 205 206 207 207 206 205 204 204 203 202 201 200 199 199 198 197 196 195 195 194 193 192 191 191 190 189 188 187 187 186 185 184 183 -9999 -9999 -9999 -9999 -9999 -9999
-9999 -9999 -9999 -9999 -9999 -9999 -9999 182 183 183 184 184 185 185 186 186 187 187 188 188 189 189 190 191 191 192 192 193 193 194 195 195 196 196 197 198 198 199 199 200 201 201 202 202 203 204 204 205 206 206 207 207 206 206 205 204 203 202 201 201 200 199 198 197 196 196 195 194 193 192 192 191 190 189 188 188 187 186 185 184 184 183 182 -9999 -9999 -9999 -9999 -9999
-9999 -9999 -9999 -9999 -9999 -9999 -9999 183 184 184 185 185 186 186 187 187 188 188 189 189 190 190 191 191 192 193 193 194 194 195 195 196 197 197 198 198 199 200 200 201 201 202 203 203 204 204 205 206 206 207 208 207 206 205 204 203 203 202 201 200 199 198 198 197 196 195 194 193 193 192 191 190 189 189 188 187 186 185 185 184 183 182 -9999 -9999 -9999 -9999 -9999 -9999
-9999 -9999 -9999 -9999 -9999 -9999 -9999 -9999 -9999 185 185 186 186 187 187 188 189 189 190 190 191 191 192 192 193 193 194 194 195 196 196 197 197 198 199 199 200 200 201 202 202 203 203 204 205 205 206 206 207 208 207 206 205 205 204 203 202 201 200 199 199 198 197 196 195 194 194 193 192 191 190 190 189 188 187 186 186 185 184 183 182 182 -9999 -9999 -9999 -9999 -9999 -9999
-9999 -9999 -9999 -9999 -9999 -9999 -9999 -9999 -9999 -9999 186 187 187 188 188 189 189 190 190 191 191 192 193 193 194 194 195 195 196 196 197 198 198 199 199 200 201 201 202 202 203 204 204 205 205 206 207 207 208 207 207 206 205 204 203 202 201 201 200 199 198 197 196 196 195 194 193 192 191 191 190 189 188 187 187 186 185 184 183 183 182 181 180 -9999 -9999 -9999 -9999 -9999
-9999 -9999 -9999 -9999 -9999 -9999 -9999 -9999 -9999 -9999 -9999 188 188 189 189 190 190 191 191 192 192 193 193 194 194 195 196 196 197 197 198 198 199 200 200 201 201 202 203 203 204 204 205 206 206 207 207 208 208 207 206 205 204 203 203 202 201 200 199 198 198 197 196 195 194 193 193 192 191 190 189 188 188 187 186 185 184 184 183 182 -9999 -9999 -9999 -9999 -9999 -9999 -9999 -9999
-9999 -9999 -9999 -9999 -9999 -9999 -9999 -9999 -9999 -9999 -9999 189 189 190 190 191 191 192 192 193 193 194 194 195 195 196 196 197 198 198 199 199 200 200 201 202 202 203 203 204 205 205 206 206 207 208 208 208 207 206 205 205 204 203 202 201 200 200 199 198 197 196 195 194 194 193 192 191 190 189 189 188 187 186 185 185 184 183 182 -9999 -9999 -9999 -9999 -9999 -9999 -9999 -9999 -9999
-9999 -9999 -9999 -9999 -9999 -9999 -9999 -9999 -9999 -9999 -9999 189 190 190 191 191 192 192 193 193 194 195 195 196 196 197 197 198 198 199 199 200 201 201 202 202 203 204 204 205 205 206 207 207 208 208 208 208 207 206 205 204 203 202 202 201 200 199 198 197 196 196 195 194 193 192 191 191 190 189 188 187 186 186 185 184 183 182 -9999 -9999 -9999 -9999 -9999 -9999 -9999 -9999 -9999 -9999
-9999 -9999 -9999 -9999 -9999 -9999 -9999 -9999 -9999 -9999 190 190 191 191 192 192 -9999 193 194 194 195 195 196 196 197 198 198 199 199 200 200 201 201 202 203 203 204 204 205 206 206 207 207 208 209 209 208 207 206 205 204 204 203 202 201 200 199 198 198 197 196 195 194 193 193 192 191 190 189 188 188 187 186 185 184 183 183 -9999 -9999 -9999 -9999 -9999 -9999 -9999 -9999 -9999 -9999 -9999
-9999 -9999 -9999 -9999 -9999 -9999 -9999 -9999 -9999 190 191 191 192 192 193 -9999 -9999 194 195 -9999 -9999 196 197 197 198 198 199 199 200 201 201 202 202 203 203 204 205 205 206 206 207 208 208 209 209 208 207 207 206 205 204 203 202 201 200 200 199 198 197 196 195 195 194 193 192 191 190 189 189 188 187 186 185 185 184 183 -9999 -9999 -9999 -9999 -9999 -9999 -9999 -9999 -9999 -9999 -9999 -9999
-9999 -9999 -9999 -9999 -9999 -9999 -9999 -9999 -9999 -9999 192 192 193 -9999 -9999 -9999 195 -9999 -9999 -9999 -9999 -9999 198 198 199 199 200 200 201 201 202 203 203 204 204 205 205 206 207 207 208 208 209 209 209 208 207 206 205 204 203 203 202 201 200 199 198 197 197 196 195 194 193 192 191 191 190 189 188 187 186 186 185 184 183 -9999 -9999 -9999 -9999 -9999 -9999 -9999 -9999 -9999 -9999 -9999 -9999 -9999
-9999 -9999 -9999 -9999 -9999 -9999 -9999 -9999 -9999 -9999 -9999 193 -9999 -9999 -9999 -9999 -9999 -9999 -9999 -9999 -9999 -9999 -9999 -9999 -9999 200 201 201 202 202 203 203 204 204 205 206 206 207 207 208 209 209 210 209 208 207 206 206 205 204 203 202 201 200 199 199 198 197 196 195 194 193 193 192 191 190 189 188 188 187 -9999 185 -9999 -9999 -9999 -9999 -9999 -9999 -9999 -9999 -9999 -9999 -9999 -9999 -9999 -9999 -9999 -9999
-9999 -9999 -9999 -9999 -9999 -9999 -9999 -9999 -9999 -9999 -9999 -9999 -9999 -9999 -9999 -9999 -9999 -9999 -9999 -9999 -9999 -9999 -9999 -9999 -9999 201 201 202 203 203 204 204 205 205 206 206 207 208 208 209 209 210 209 209 208 207 206 205 204 203 202 202 201 200 199 198 197 196 196 195 194 193 192 191 190 190 189 188 -9999 -9999 -9999 -9999 -9999 -9999 -9999 -9999 -9999 -9999 -9999 -9999 -9999 -9999 -9999 -9999 -9999 -9999 -9999 -9999
-9999 -9999 -9999 -9999 -9999 -9999 -9999 -9999 -9999 -9999 -9999 -9999 -9999 -9999 -9999 -9999 -9999 -9999 -9999 -9999 -9999 -9999 -9999 -9999 -9999 202 202 203 203 204 204 205 206 206 207 207 208 208 209 210 210 210 209 208 207 206 205 205 204 203 202 201 200 199 198 198 197 196 195 194 193 192 192 191 190 189 188 -9999 -9999 -9999 -9999 -9999 -9999 -9999 -9999 -9999 -9999 -9999 -9999 -9999 -9999 -9999 -9999 -9999 -9999 -9999 -9999 -9999
-9999 -9999 -9999 -9999 -9999 -9999 -9999 -9999 -9999 -9999 -9999 -9999 -9999 -9999 -9999 -9999 -9999 -9999 -9999 -9999 -9999 -9999 -9999 -9999 -9999 203 203 204 204 205 205 206 206 207 208 208 209 209 210 210 210 209 208 208 207 206 205 204 203 202 201 201 200 199 198 197 196 195 195 194 193 192 191 190 189 189 -9999 -9999 -9999 -9999 -9999 -9999 -9999 -9999 -9999 -9999 -9999 -9999 -9999 -9999 -9999 -9999 -9999 -9999 -9999 -9999 -9999 -9999
-9999 -9999 -9999 -9999 -9999 -9999 -9999 -9999 -9999 -9999 -9999 -9999 -9999 -9999 -9999 -9999 -9999 -9999 -9999 -9999 -9999 -9999 -9999 -9999 -9999 203 204 205 205 206 206 207 207 208 208 209 209 210 211 211 210 209 208 207 206 205 204 204 203 202 201 200 199 198 197 197 196 195 194 193 192 191 191 190 189 188 -9999 -9999 -9999 -9999 -9999 -9999 -9999 -9999 -9999 -9999 -9999 -9999 -9999 -9999 -9999 -9999 -9999 -9999 -9999 -9999 -9999 -9999
-9999 -9999 -9999 -9999 -9999 -9999 -9999 -9999 -9999 -9999 -9999 -9999 -9999 -9999 -9999 -9999 -9999 -9999 -9999 -9999 -9999 -9999 -9999 -9999 -9999 -9999 205 205 206 206 207 208 208 209 209 210 210 211 211 210 209 208 208 207 206 205 204 203 202 201 200 200 199 198 197 196 195 194 193 193 192 191 190 189 -9999 -9999 -9999 -9999 -9999 -9999 -9999 -9999 -9999 -9999 -9999 -9999 -9999 -9999 -9999 -9999 -9999 -9999 -9999 -9999 -9999 -9999 -9999 -9999
-9999 -9999 -9999 -9999 -9999 -9999 -9999 -9999 -9999 -9999 -9999 -9999 -9999 -9999 -9999 -9999 -9999 -9999 -9999 -9999 -9999 -9999 -9999 -9999 -9999 -9999 -9999 -9999 -9999 207 208 208 209 209 210 211 211 211 211 210 209 208 207 206 205 204 204 203 202 201 200 199 198 197 196 196 195 194 193 192 191 190 190 189 -9999 -9999 -9999 -9999 -9999 -9999 -9999 -9999 -9999 -9999 -9999 -9999 -9999 -9999 -9999 -9999 -9999 -9999 -9999 -9999 -9999 -9999 -9999 -9999
-9999 -9999 -9999 -9999 -9999 -9999 -9999 -9999 -9999 -9999 -9999 -9999 -9999 -9999 -9999 -9999 -9999 -9999 -9999 -9999 -9999 -9999 -9999 -9999 -9999 -9999 -9999 -9999 -9999 -9999 209 209 210 210 211 211 212 211 210 209 208 207 207 206 205 204 203 202 201 200 200 199 198 197 196 195 194 193 193 192 191 190 189 -9999 -9999 -9999 -9999 -9999 -9999 -9999 -9999 -9999 -9999 -9999 -9999 -9999 -9999 -9999 -9999 -9999 -9999 -9999 -9999 -9999 -9999 -9999 -9999 -9999
-9999 -9999 -9999 -9999 -9999 -9999 -9999 -9999 -9999 -9999 -9999 -9999 -9999 -9999 -9999 -9999 -9999 -9999 -9999 -9999 -9999 -9999 -9999 -9999 -9999 -9999 -9999 -9999 -9999 -9999 -9999 210 211 211 212 212 211 211 210 209 208 207 206 205 204 203 203 202 201 200 199 198 197 196 196 195 194 193 192 191 190 189 189 -9999 -9999 -9999 -9999 -9999 -9999 -9999 -9999 -9999 -9999 -9999 -9999 -9999 -9999 -9999 -9999 -9999 -9999 -9999 -9999 -9999 -9999 -9999 -9999 -9999
-9999 -9999 -9999 -9999 -9999 -9999 -9999 -9999 -9999 -9999 -9999 -9999 -9999 -9999 -9999 -9999 -9999 -9999 -9999 -9999 -9999 -9999 -9999 -9999 -9999 -9999 -9999 -9999 -9999 -9999 -9999 211 211 212 213 212 211 210 209 208 207 207 206 205 204 203 202 201 200 199 199 198 197 196 195 194 193 192 192 191 190 189 -9999 -9999 -9999 -9999 -9999 -9999 -9999 -9999 -9999 -9999 -9999 -9999 -9999 -9999 -9999 -9999 -9999 -9999 -9999 -9999 -9999 -9999 -9999 -9999 -9999 -9999
-9999 -9999 -9999 -9999 -9999 -9999 -9999 -9999 -9999 -9999 -9999 -9999 -9999 -9999 -9999 -9999 -9999 -9999 -9999 -9999 -9999 -9999 -9999 -9999 -9999 -9999 -9999 -9999 -9999 -9999 211 212 212 213 212 212 211 210 209 208 207 206 205 204 203 203 202 201 200 199 198 197 196 195 195 194 193 192 191 190 189 188 -9999 -9999 -9999 -9999 -9999 -9999 -9999 -9999 -9999 -9999 -9999 -9999 -9999 -9999 -9999 -9999 -9999 -9999 -9999 -9999 -9999 -9999 -9999 -9999 -9999 -9999
-9999 -9999 -9999 -9999 -9999 -9999 -9999 -9999 -9999 -9999 -9999 -9999 -9999 -9999 -9999 -9999 -9999 -9999 -9999 -9999 -9999 -9999 -9999 -9999 -9999 -9999 -9999 -9999 -9999 -9999 212 213 213 213 212 211 210 209 208 207 207 206 205 204 203 202 201 200 199 199 198 197 196 195 194 193 192 191 191 190 189 -9999 -9999 -9999 -9999 -9999 -9999 -9999 -9999 -9999 -9999 -9999 -9999 -9999 -9999 -9999 -9999 -9999 -9999 -9999 -9999 -9999 -9999 -9999 -9999 -9999 -9999 -9999
-9999 -9999 -9999 -9999 -9999 -9999 -9999 -9999 -9999 -9999 -9999 -9999 -9999 -9999 -9999 -9999 -9999 -9999 -9999 -9999 -9999 -9999 -9999 -9999 -9999 -9999 -9999 -9999 -9999 212 213 213 213 212 212 211 210 209 208 207 206 205 204 203 203 202 201 200 199 198 197 196 195 195 194 193 192 191 -9999 -9999 -9999 -9999 -9999 -9999 -9999 -9999 -9999 -9999 -9999 -9999 -9999 -9999 -9999 -9999 -9999 -9999 -9999 -9999 -9999 -9999 -9999 -9999 -9999 -9999 -9999 -9999 -9999 -9999
-9999 -9999 -9999 -9999 -9999 -9999 -9999 -9999 -9999 -9999 -9999 -9999 -9999 -9999 -9999 -9999 -9999 -9999 -9999 -9999 -9999 -9999 -9999 -9999 -9999 -9999 -9999 -9999 -9999 -9999 214 214 213 212 211 210 209 208 208 207 206 205 204 203 202 201 200 199 199 198 197 196 195 194 193 192 191 -9999 -9999 -9999 -9999 -9999 -9999 -9999 -9999 -9999 -9999 -9999 -9999 -9999 -9999 -9999 -9999 -9999 -9999 -9999 -9999 -9999 -9999 -9999 -9999 -9999 -9999 -9999 -9999 -9999 -9999 -9999
-9999 -9999 -9999 -9999 -9999 -9999 -9999 -9999 -9999 -9999 -9999 -9999 -9999 -9999 -9999 -9999 -9999 -9999 -9999 -9999 -9999 -9999 -9999 -9999 -9999 -9999 -9999 -9999 -9999 -9999 -9999 213 213 212 211 210 209 208 207 206 205 204 203 203 202 201 200 199 198 197 196 195 194 194 193 192 -9999 -9999 -9999 -9999 -9999 -9999 -9999 -9999 -9999 -9999 -9999 -9999 -9999 -9999 -9999 -9999 -9999 -9999 -9999 -9999 -9999 -9999 -9999 -9999 -9999 -9999 -9999 -9999 -9999 -9999 -9999 -9999
-9999 -9999 -9999 -9999 -9999 -9999 -9999 -9999 -9999 -9999 -9999 -9999 -9999 -9999 -9999 -9999 -9999 -9999 -9999 -9999 -9999 -9999 -9999 -9999 -9999 -9999 -9999 -9999 -9999 -9999 -9999 213 212 211 210 209 208 208 207 206 205 204 203 202 201 200 199 199 198 197 196 195 194 193 192 191 -9999 -9999 -9999 -9999 -9999 -9999 -9999 -9999 -9999 -9999 -9999 -9999 -9999 -9999 -9999 -9999 -9999 -9999 -9999 -9999 -9999 -9999 -9999 -9999 -9999 -9999 -9999 -9999 -9999 -9999 -9999 -9999
-9999 -9999 -9999 -9999 -9999 -9999 -9999 -9999 -9999 -9999 -9999 -9999 -9999 -9999 -9999 -9999 -9999 -9999 -9999 -9999 -9999 -9999 -9999 -9999 -9999 -9999 -9999 -9999 -9999 -9999 -9999 -9999 -9999 211 210 209 208 207 206 205 204 204 203 202 201 200 199 198 197 196 195 194 194 193 192 191 -9999 -9999 -9999 -9999 -9999 -9999 -9999 -9999 -9999 -9999 -9999 -9999 -9999 -9999 -9999 -9999 -9999 -9999 -9999 -9999 -9999 -9999 -9999 -9999 -9999 -9999 -9999 -9999 -9999 -9999 -9999 -9999
-9999 -9999 -9999 -9999 -9999 -9999 -9999 -9999 -9999 -9999 -9999 -9999 -9999 -9999 -9999 -9999 -9999 -9999 -9999 -9999 -9999 -9999 -9999 -9999 -9999 -9999 -9999 -9999 -9999 -9999 -9999 -9999 -9999 210 209 209 208 207 206 205 204 203 202 201 200 199 199 198 197 196 195 194 193 192 191 190 190 -9999 -9999 -9999 -9999 -9999 -9999 -9999 -9999 -9999 -9999 -9999 -9999 -9999 -9999 -9999 -9999 -9999 -9999 -9999 -9999 -9999 -9999 -9999 -9999 -9999 -9999 -9999 -9999 -9999 -9999 -9999
-9999 -9999 -9999 -9999 -9999 -9999 -9999 -9999 -9999 -9999 -9999 -9999 -9999 -9999 -9999 -9999 -9999 -9999 -9999 -9999 -9999 -9999 -9999 -9999 -9999 -9999 -9999 -9999 -9999 -9999 -9999 -9999 -9999 210 209 208 207 206 205 205 204 203 202 201 200 199 198 197 196 195 195 194 193 192 191 190 189 -9999 -9999 -9999 -9999 -9999 -9999 -9999 -9999 -9999 -9999 -9999 -9999 -9999 -9999 -9999 -9999 -9999 -9999 -9999 -9999 -9999 -9999 -9999 -9999 -9999 -9999 -9999 -9999 -9999 -9999 -9999
-9999 -9999 -9999 -9999 -9999 -9999 -9999 -9999 -9999 -9999 -9999 -9999 -9999 -9999 -9999 -9999 -9999 -9999 -9999 -9999 -9999 -9999 -9999 -9999 -9999 -9999 -9999 -9999 -9999 -9999 -9999 -9999 -9999 210 209 208 207 206 205 204 203 202 201 200 200 199 198 197 196 195 194 193 192 191 190 190 189 188 187 -9999 -9999 -9999 -9999 -9999 -9999 -9999 -9999 -9999 -9999 -9999 -9999 -9999 -9999 -9999 -9999 -9999 -9999 -9999 -9999 -9999 -9999 -9999 -9999 -9999 -9999 -9999 -9999 -9999
-9999 -9999 -9999 -9999 -9999 -9999 -9999 -9999 -9999 -9999 -9999 -9999 -9999 -9999 -9999 -9999 -9999 -9999 -9999 -9999 -9999 -9999 -9999 -9999 -9999 -9999 -9999 -9999 -9999 -9999 -9999 -9999 -9999 209 208 207 206 206 205 204 203 202 201 200 199 198 197 196 195 195 194 193 192 191 190 189 188 187 186 -9999 -9999 -9999 -9999 -9999 -9999 -9999 -9999 -9999 -9999 -9999 -9999 -9999 -9999 -9999 -9999 -9999 -9999 -9999 -9999 -9999 -9999 -9999 -9999 -9999 -9999 -9999 -9999 -9999
-9999 -9999 -9999 -9999 -9999 -9999 -9999 -9999 -9999 -9999 -9999 -9999 -9999 -9999 -9999 -9999 -9999 -9999 -9999 -9999 -9999 -9999 -9999 -9999 -9999 -9999 -9999 -9999 -9999 -9999 -9999 -9999 210 209 208 207 206 205 204 203 202 201 201 200 199 198 197 196 195 194 193 192 191 191 190 189 188 187 186 -9999 -9999 -9999 -9999 -9999 -9999 -9999 -9999 -9999 -9999 -9999 -9999 -9999 -9999 -9999 -9999 -9999 -9999 -9999 -9999 -9999 -9999 -9999 -9999 -9999 -9999 -9999 -9999 -9999
