bin/Debug/DLS/DLS/Input/sc1gr14.grid
ncols         109
nrows         140
xllcorner     1129355.625
yllcorner     4033173
cellsize      1000
NODATA_value  -9999
[rows 39 to 77 of 140, columns 0 to 87 of 109]
-9999 -9999 -9999 -9999 -9999 -9999 -9999 -9999 -9999 -9999 -9999 146 147 -9999 -9999 -9999 -9999 -9999 -9999 152 152 153 154 154 155 156 157 157 158 159 159 160 161 161 162 163 164 164 165 166 167 167 168 169 169 170 171 172 173 173 174 175 176 176 177 178 179 179 180 181 182 183 183 184 185 186 187 187 188 189 190 191 191 192 193 194 195 195 195 194 193 192 191 190 189 188 187 186
-9999 -9999 -9999 -9999 -9999 -9999 -9999 -9999 -9999 -9999 -9999 -9999 -9999 -9999 -9999 -9999 -9999 -9999 -9999 -9999 153 154 154 155 156 157 157 158 159 159 160 161 161 162 163 164 164 165 166 166 167 168 169 169 170 171 172 172 173 174 175 175 176 177 178 178 179 180 181 182 182 183 184 185 186 186 187 188 189 190 190 191 192 193 194 194 195 196 195 194 193 192 191 190 189 188 187 186
-9999 -9999 -9999 -9999 -9999 -9999 -9999 -9999 -9999 -9999 -9999 -9999 -9999 -9999 -9999 -9999 -9999 -9999 -9999 -9999 -9999 155 155 156 157 157 158 159 159 160 161 161 162 163 164 164 165 166 166 167 168 169 169 170 171 172 172 173 174 175 175 176 177 178 178 179 180 181 181 182 183 184 185 185 186 187 188 189 189 190 191 192 193 193 194 195 196 196 195 194 193 192 191 190 189 188 187 186
-9999 -9999 -9999 -9999 -9999 -9999 -9999 -9999 -9999 -9999 -9999 -9999 -9999 -9999 -9999 -9999 -9999 -9999 -9999 -9999 -9999 155 156 157 157 158 159 159 160 161 161 162 163 164 164 165 166 166 167 168 169 169 170 171 172 172 173 174 174 175 176 177 177 178 179 180 181 181 182 183 184 184 185 186 187 188 188 189 190 191 192 192 193 194 195 196 196 196 195 194 193 192 191 190 189 188 187 186
-9999 -9999 -9999 -9999 -9999 -9999 -9999 -9999 -9999 -9999 -9999 -9999 -9999 -9999 -9999 -9999 -9999 -9999 -9999 -9999 -9999 -9999 157 157 158 159 159 160 161 161 162 163 164 164 165 166 166 167 168 169 169 170 171 171 172 173 174 174 175 176 177 177 178 179 180 180 181 182 183 183 184 185 186 187 187 188 189 190 191 191 192 193 194 195 195 196 197 196 195 194 193 192 191 190 189 188 187 186
-9999 -9999 -9999 -9999 -9999 -9999 -9999 -9999 -9999 -9999 -9999 -9999 -9999 -9999 -9999 -9999 -9999 -9999 -9999 -9999 -9999 -9999 157 158 159 159 160 161 162 162 163 164 164 165 166 166 167 168 169 169 170 171 171 172 173 174 174 175 176 177 177 178 179 180 180 181 182 183 183 184 185 186 186 187 188 189 190 190 191 192 193 194 194 195 196 197 197 196 195 194 193 192 191 190 189 188 187 186
-9999 -9999 -9999 -9999 -9999 -9999 -9999 -9999 -9999 -9999 -9999 -9999 -9999 -9999 -9999 -9999 -9999 -9999 -9999 -9999 -9999 158 158 159 160 160 161 162 162 163 164 164 165 166 166 167 168 169 169 170 171 171 172 173 174 174 175 176 176 177 178 179 179 180 181 182 182 183 184 185 186 186 187 188 189 189 190 191 192 193 193 194 195 196 197 197 197 196 195 194 193 192 191 190 189 188 187 186
-9999 -9999 -9999 -9999 -9999 -9999 -9999 -9999 -9999 -9999 -9999 -9999 -9999 -9999 -9999 -9999 -9999 -9999 -9999 -9999 -9999 158 159 160 160 161 162 162 163 164 164 165 166 166 167 168 169 169 170 171 171 172 173 174 174 175 176 176 177 178 179 179 180 181 182 182 183 184 185 185 186 187 188 188 189 190 191 192 192 193 194 195 196 196 197 198 197 196 195 194 193 192 191 190 189 188 187 186
-9999 -9999 -9999 -9999 -9999 -9999 -9999 -9999 -9999 -9999 -9999 -9999 -9999 -9999 -9999 -9999 -9999 -9999 -9999 -9999 -9999 159 160 160 161 162 162 163 164 164 165 166 166 167 168 169 169 170 171 171 172 173 173 174 175 176 176 177 178 179 179 180 181 182 182 183 184 185 185 186 187 188 188 189 190 191 191 192 193 194 195 195 196 197 198 198 197 196 195 194 193 192 191 190 189 188 187 186
-9999 -9999 -9999 -9999 -9999 -9999 -9999 -9999 -9999 -9999 -9999 -9999 -9999 -9999 -9999 -9999 -9999 -9999 -9999 -9999 -9999 160 160 161 162 162 163 164 164 165 166 166 167 168 169 169 170 171 171 172 173 173 174 175 176 176 177 178 179 179 180 181 181 182 183 184 184 185 186 187 187 188 189 190 191 191 192 193 194 194 195 196 197 198 198 198 197 196 195 194 193 192 191 190 189 188 187 186
-9999 -9999 -9999 -9999 -9999 -9999 -9999 -9999 -9999 -9999 -9999 -9999 -9999 -9999 -9999 -9999 -9999 -9999 -9999 -9999 -9999 -9999 161 162 163 163 164 165 165 166 167 167 168 169 169 170 171 171 172 173 173 174 175 176 176 177 178 178 179 180 181 181 182 183 184 184 185 186 187 187 188 189 190 190 191 192 193 193 194 195 196 197 197 198 199 198 197 196 195 194 193 192 191 190 189 188 187 186
-9999 -9999 -9999 -9999 -9999 -9999 -9999 -9999 -9999 -9999 -9999 -9999 -9999 -9999 -9999 -9999 -9999 -9999 -9999 -9999 -9999 -9999 162 163 163 164 165 165 166 167 167 168 169 169 170 171 171 172 173 173 174 175 176 176 177 178 178 179 180 181 181 182 183 184 184 185 186 187 187 188 189 190 190 191 192 193 193 194 195 196 196 197 198 199 199 198 197 196 195 194 193 192 191 190 189 188 187 186
-9999 -9999 -9999 -9999 -9999 -9999 -9999 -9999 -9999 -9999 -9999 -9999 -9999 -9999 -9999 -9999 -9999 -9999 -9999 -9999 -9999 162 163 163 164 165 165 166 167 167 168 169 169 170 171 171 172 173 173 174 175 176 176 177 178 178 179 180 181 181 182 183 183 184 185 186 186 187 188 189 189 190 191 192 192 193 194 195 196 196 197 198 199 199 199 198 197 196 195 194 193 192 191 190 189 188 187 186
-9999 -9999 -9999 -9999 -9999 -9999 -9999 -9999 -9999 -9999 -9999 -9999 -9999 -9999 -9999 -9999 -9999 -9999 -9999 -9999 -9999 163 164 164 165 165 166 167 167 168 169 169 170 171 171 172 173 174 174 175 176 176 177 178 178 179 180 181 181 182 183 183 184 185 186 186 187 188 189 189 190 191 192 192 193 194 195 195 196 197 198 198 199 200 199 198 197 196 195 194 193 192 191 190 189 188 187 186
-9999 -9999 -9999 -9999 -9999 -9999 -9999 -9999 -9999 -9999 -9999 -9999 -9999 -9999 -9999 -9999 -9999 -9999 -9999 162 163 164 164 165 166 166 167 168 168 169 169 170 171 172 172 173 174 174 175 176 176 177 178 178 179 180 181 181 182 183 183 184 185 186 186 187 188 189 189 190 191 192 192 193 194 195 195 196 197 198 198 199 200 200 199 198 197 196 195 194 193 192 191 190 189 188 187 186
-9999 -9999 -9999 -9999 -9999 -9999 -9999 -9999 -9999 -9999 -9999 -9999 -9999 -9999 -9999 -9999 -9999 -9999 -9999 163 164 164 165 166 166 167 168 168 169 170 170 171 172 172 173 174 174 175 176 176 177 178 178 179 180 181 181 182 183 183 184 185 186 186 187 188 188 189 190 191 191 192 193 194 194 195 196 197 197 198 199 200 201 200 199 198 197 196 195 194 193 192 191 -9999 -9999 -9999 187 186
-9999 -9999 -9999 -9999 -9999 -9999 -9999 -9999 -9999 -9999 -9999 -9999 -9999 -9999 -9999 -9999 -9999 -9999 -9999 -9999 165 165 166 166 167 168 168 169 170 170 171 172 172 173 174 174 175 176 176 177 178 178 179 180 181 181 182 183 183 184 185 186 186 187 188 188 189 190 191 191 192 193 194 194 195 196 197 197 198 199 200 200 201 200 199 198 197 196 195 194 193 192 191 -9999 -9999 -9999 -9999 186
-9999 -9999 -9999 -9999 -9999 -9999 -9999 -9999 -9999 -9999 -9999 -9999 -9999 -9999 -9999 -9999 -9999 -9999 -9999 165 165 166 167 167 168 169 169 170 170 171 172 172 173 174 174 175 176 176 177 178 178 179 180 181 181 182 183 183 184 185 185 186 187 188 188 189 190 191 191 192 193 194 194 195 196 196 197 198 199 200 200 201 201 200 199 198 197 196 195 194 193 192 -9999 -9999 -9999 -9999 -9999 -9999
-9999 -9999 -9999 -9999 -9999 -9999 -9999 -9999 -9999 -9999 -9999 -9999 -9999 -9999 -9999 -9999 -9999 -9999 -9999 166 166 167 167 168 169 169 170 171 171 172 173 173 174 174 175 176 176 177 178 179 179 180 181 181 182 183 183 184 185 185 186 187 188 188 189 190 191 191 192 193 193 194 195 196 196 197 198 199 199 200 201 202 201 200 199 198 197 196 195 194 193 192 -9999 -9999 -9999 -9999 -9999 -9999
-9999 -9999 -9999 -9999 -9999 -9999 -9999 -9999 -9999 -9999 -9999 -9999 -9999 -9999 -9999 -9999 -9999 -9999 166 166 167 168 168 169 169 170 171 171 172 173 173 174 175 175 176 177 177 178 179 179 180 181 181 182 183 183 184 185 185 186 187 188 188 189 190 190 191 192 193 193 194 195 196 196 197 198 199 199 200 201 202 202 201 200 199 198 197 196 195 194 193 192 -9999 -9999 -9999 -9999 -9999 -9999
-9999 -9999 -9999 -9999 -9999 -9999 -9999 -9999 -9999 -9999 -9999 -9999 -9999 -9999 -9999 -9999 -9999 -9999 167 167 168 168 169 170 170 171 171 172 173 173 174 175 175 176 177 177 178 179 179 180 181 181 182 183 183 184 185 185 186 187 188 188 189 190 190 191 192 193 193 194 195 196 196 197 198 198 199 200 201 201 202 202 201 200 199 198 197 196 195 194 193 -9999 -9999 -9999 -9999 -9999 -9999 -9999
-9999 -9999 -9999 -9999 -9999 -9999 -9999 -9999 -9999 -9999 -9999 -9999 -9999 -9999 -9999 -9999 -9999 -9999 167 168 169 169 170 170 171 172 172 173 174 174 175 175 176 177 177 178 179 179 180 181 181 182 183 183 184 185 186 186 187 188 188 189 190 190 191 192 193 193 194 195 195 196 197 198 198 199 200 201 201 202 203 202 201 200 199 198 197 196 195 194 -9999 -9999 -9999 -9999 -9999 -9999 -9999 -9999
-9999 -9999 -9999 -9999 -9999 -9999 -9999 -9999 -9999 -9999 -9999 -9999 -9999 -9999 -9999 -9999 167 168 168 169 169 170 171 171 172 172 173 174 174 175 176 176 177 177 178 179 179 180 181 181 182 183 183 184 185 186 186 187 188 188 189 190 190 191 192 193 193 194 195 195 196 197 198 198 199 200 201 201 202 203 203 202 201 200 199 198 197 196 195 194 -9999 -9999 -9999 -9999 -9999 -9999 -9999 -9999
-9999 -9999 -9999 -9999 -9999 -9999 -9999 -9999 -9999 164 164 165 165 166 167 167 168 168 169 170 170 171 171 172 173 173 174 174 175 176 176 177 178 178 179 180 180 181 182 182 183 184 184 185 186 186 187 188 188 189 190 190 191 192 193 193 194 195 195 196 197 198 198 199 200 200 201 202 203 203 203 202 201 200 199 198 197 196 195 -9999 -9999 -9999 -9999 -9999 -9999 -9999 -9999 -9999
-9999 -9999 -9999 -9999 -9999 -9999 -9999 -9999 164 165 165 166 166 167 167 168 169 169 170 170 171 172 172 173 173 174 175 175 176 176 177 178 178 179 180 180 181 182 182 183 184 184 185 186 186 187 188 188 189 190 190 191 192 193 193 194 195 195 196 197 198 198 199 200 200 201 202 203 203 204 203 202 201 200 199 198 197 196 -9999 -9999 -9999 -9999 -9999 -9999 -9999 -9999 -9999 -9999
-9999 -9999 -9999 -9999 -9999 -9999 -9999 -9999 165 165 166 166 167 168 168 169 169 170 171 171 172 172 173 174 174 175 175 176 177 177 178 178 179 180 180 181 182 182 183 184 184 185 186 186 187 188 188 189 190 190 191 192 193 193 194 195 195 196 197 198 198 199 200 200 201 202 203 203 204 204 203 202 201 200 199 198 197 196 -9999 -9999 -9999 -9999 -9999 -9999 -9999 -9999 -9999 -9999
-9999 -9999 -9999 -9999 -9999 -9999 -9999 165 166 166 167 167 168 168 169 170 170 171 171 172 173 173 174 174 175 176 176 177 177 178 179 179 180 181 181 182 182 183 184 184 185 186 186 187 188 188 189 190 191 191 192 193 193 194 195 195 196 197 197 198 199 200 200 201 202 203 203 204 205 204 203 202 201 200 199 198 197 196 -9999 -9999 -9999 -9999 -9999 -9999 -9999 -9999 -9999 -9999
-9999 -9999 -9999 -9999 -9999 -9999 -9999 166 166 167 168 168 169 169 170 170 171 172 172 173 173 174 175 175 176 176 177 178 178 179 179 180 181 181 182 183 183 184 185 185 186 187 187 188 189 189 190 191 191 192 193 193 194 195 195 196 197 197 198 199 200 200 201 202 203 203 204 205 205 204 203 202 201 200 199 198 197 196 -9999 -9999 -9999 -9999 -9999 -9999 -9999 -9999 -9999 -9999
-9999 -9999 -9999 -9999 -9999 -9999 -9999 167 167 168 168 169 170 170 171 171 172 172 173 174 174 175 175 176 177 177 178 178 179 180 180 181 181 182 183 183 184 185 185 186 187 187 188 189 189 190 191 191 192 193 193 194 195 195 196 197 197 198 199 200 200 201 202 202 203 204 205 205 204 203 203 202 201 200 200 199 198 -9999 -9999 -9999 -9999 -9999 -9999 -9999 -9999 -9999 -9999 -9999
-9999 -9999 -9999 -9999 -9999 -9999 -9999 168 168 169 169 170 170 171 171 172 173 173 174 174 175 176 176 177 177 178 179 179 180 180 181 182 182 183 183 184 185 185 186 187 187 188 189 189 190 191 191 192 193 193 194 195 195 196 197 198 198 199 200 200 201 202 202 203 204 205 205 204 203 203 202 201 200 200 199 198 197 197 -9999 -9999 -9999 -9999 -9999 -9999 -9999 -9999 -9999 -9999
-9999 -9999 -9999 -9999 -9999 -9999 -9999 168 169 170 170 171 171 172 172 173 173 174 175 175 176 176 177 178 178 179 179 180 181 181 182 182 183 184 184 185 186 186 187 187 188 189 189 190 191 191 192 193 193 194 195 195 196 197 198 198 199 200 200 201 202 202 203 204 205 205 204 204 203 202 201 201 200 199 198 197 197 196 -9999 -9999 -9999 -9999 -9999 -9999 -9999 -9999 -9999 -9999
-9999 -9999 -9999 -9999 -9999 -9999 169 169 170 170 171 171 172 173 173 174 174 175 175 176 177 177 178 178 179 180 180 181 181 182 183 183 184 184 185 186 186 187 188 188 189 190 190 191 192 192 193 194 194 195 196 196 197 198 198 199 200 200 201 202 202 203 204 205 205 205 204 203 202 201 201 200 199 198 198 197 196 195 -9999 -9999 -9999 -9999 -9999 -9999 -9999 -9999 -9999 -9999
-9999 -9999 -9999 -9999 -9999 169 170 170 171 171 172 172 173 173 174 175 175 176 176 177 177 178 179 179 180 180 181 182 182 183 183 184 185 185 186 186 187 188 188 189 190 190 191 192 192 193 194 194 195 196 196 197 198 198 199 200 200 201 202 202 203 204 205 205 205 204 203 202 202 201 200 199 198 198 197 196 195 -9999 -9999 -9999 -9999 -9999 -9999 -9999 -9999 -9999 -9999 -9999
-9999 -9999 -9999 -9999 -9999 170 170 171 172 172 173 173 174 174 175 175 176 176 177 178 178 179 179 180 181 181 182 182 183 184 184 185 185 186 187 187 188 188 189 190 190 191 192 192 193 194 194 195 196 196 197 198 198 199 200 200 201 202 202 203 204 205 205 205 204 203 203 202 201 200 199 199 198 197 196 196 195 194 193 -9999 -9999 -9999 -9999 -9999 -9999 -9999 -9999 -9999
-9999 -9999 -9999 -9999 -9999 -9999 171 172 172 173 173 174 175 175 176 176 177 177 178 178 179 180 180 181 181 182 183 183 184 184 185 186 186 187 187 188 189 189 190 191 191 192 192 193 194 194 195 196 196 197 198 198 199 200 200 201 202 203 203 204 205 205 205 204 204 203 202 201 200 200 199 198 197 196 196 195 194 193 193 -9999 -9999 -9999 -9999 -9999 -9999 -9999 -9999 -9999
-9999 -9999 -9999 -9999 -9999 -9999 -9999 -9999 -9999 -9999 174 175 175 176 176 177 178 178 179 179 180 180 181 182 182 183 183 184 185 185 186 186 187 188 188 189 189 190 191 191 192 193 193 194 195 195 196 196 197 198 198 199 200 200 201 202 203 203 204 205 205 205 205 204 203 202 201 201 200 199 198 197 197 196 195 194 193 193 192 191 -9999 -9999 -9999 -9999 -9999 -9999 -9999 -9999
-9999 -9999 -9999 -9999 -9999 -9999 -9999 -9999 -9999 175 175 176 176 177 177 178 178 179 180 180 181 181 182 182 183 184 184 185 185 186 187 187 188 188 189 190 190 191 191 192 193 193 194 195 195 196 197 197 198 199 199 200 201 201 202 203 203 204 205 205 206 205 204 203 202 202 201 200 199 198 198 197 196 195 194 194 193 192 191 191 -9999 -9999 -9999 -9999 -9999 -9999 -9999 -9999
-9999 -9999 -9999 -9999 -9999 -9999 -9999 -9999 175 175 176 177 177 178 178 179 179 180 180 181 181 182 183 183 184 184 185 186 186 187 187 188 189 189 190 190 191 192 192 193 193 194 195 195 196 197 197 198 199 199 200 201 201 202 203 203 204 205 205 206 205 204 203 203 202 201 200 199 199 198 197 196 195 195 194 193 192 191 191 190 -9999 -9999 -9999 -9999 -9999 -9999 -9999 -9999
-9999 -9999 -9999 -9999 -9999 -9999 -9999 -9999 176 176 177 177 178 178 179 180 180 181 181 182 182 183 183 184 185 185 186 186 187 188 188 189 189 190 191 191 192 192 193 194 194 195 196 196 197 197 198 199 199 200 201 201 202 203 203 204 205 205 206 205 204 204 203 202 201 200 200 199 198 197 196 196 195 194 193 192 192 191 190 189 -9999 -9999 -9999 -9999 -9999 -9999 -9999 -9999
