bin/Debug/DLS/DLS/Input/sc1gr17.grid
ncols         109
nrows         140
xllcorner     1129355.625
yllcorner     4033173
cellsize      1000
NODATA_value  -9999
[rows 0 to 39 of 140, columns 0 to 89 of 109]
-9999 -9999 -9999 -9999 -9999 -9999 -9999 -9999 -9999 -9999 -9999 -9999 -9999 -9999 -9999 -9999 -9999 -9999 -9999 -9999 -9999 -9999 -9999 -9999 -9999 -9999 -9999 -9999 -9999 -9999 -9999 -9999 -9999 -9999 -9999 -9999 -9999 -9999 -9999 -9999 -9999 -9999 -9999 -9999 -9999 -9999 -9999 -9999 -9999 -9999 -9999 -9999 -9999 -9999 0 0 0 0 3 0 -9999 -9999 0 -9999 -9999 -9999 -9999 -9999 -9999 -9999 -9999 -9999 -9999 -9999 -9999 -9999 -9999 -9999 -9999 -9999 -9999 -9999 -9999 -9999 -9999 -9999 -9999 -9999 -9999 -9999
-9999 -9999 -9999 -9999 -9999 -9999 -9999 -9999 -9999 -9999 -9999 -9999 -9999 -9999 -9999 -9999 -9999 -9999 -9999 -9999 -9999 -9999 -9999 -9999 -9999 -9999 -9999 -9999 -9999 -9999 -9999 -9999 -9999 -9999 -9999 -9999 -9999 -9999 -9999 -9999 -9999 -9999 -9999 -9999 -9999 -9999 -9999 -9999 -9999 -9999 -9999 -9999 -9999 40 47 0 0 19 11 8 0 0 0 3 -9999 -9999 -9999 -9999 -9999 -9999 -9999 -9999 -9999 -9999 -9999 -9999 -9999 -9999 -9999 -9999 -9999 -9999 -9999 -9999 -9999 -9999 -9999 -9999 -9999 -9999
-9999 -9999 -9999 -9999 -9999 -9999 -9999 -9999 -9999 -9999 -9999 -9999 -9999 -9999 -9999 -9999 -9999 -9999 -9999 -9999 -9999 -9999 -9999 -9999 -9999 -9999 -9999 -9999 -9999 -9999 -9999 -9999 -9999 -9999 -9999 -9999 -9999 -9999 -9999 -9999 -9999 -9999 -9999 0 0 0 1974 -9999 -9999 0 -9999 24 47 35 0 0 0 311 243 0 4 0 2065 2177 1 -9999 -9999 -9999 -9999 -9999 -9999 -9999 -9999 -9999 -9999 -9999 -9999 -9999 -9999 -9999 -9999 -9999 -9999 -9999 -9999 -9999 -9999 -9999 -9999 -9999
-9999 -9999 -9999 -9999 -9999 -9999 -9999 -9999 -9999 -9999 -9999 -9999 -9999 -9999 -9999 -9999 -9999 -9999 -9999 -9999 -9999 -9999 -9999 -9999 -9999 -9999 -9999 -9999 -9999 -9999 0 0 0 0 0 0 -9999 -9999 -9999 -9999 -9999 0 0 0 0 0 5420 5189 1519 47 41 47 47 19 0 0 3595 865 380 568 2044 2708 9 2443 226 0 7 -9999 -9999 -9999 -9999 -9999 -9999 -9999 -9999 -9999 -9999 -9999 -9999 -9999 -9999 -9999 -9999 -9999 -9999 -9999 -9999 -9999 -9999 -9999
0 0 0 0 0 0 0 0 0 0 0 0 0 0 0 0 0 0 0 0 0 -9999 -9999 0 -9999 0 -9999 0 0 -9999 0 0 0 0 0 0 0 0 0 0 0 0 840 621 0 0 5878 5878 2255 47 47 47 347 1026 0 0 31 10 2513 2492 2358 1959 872 908 76 35 38 0 10 -9999 -9999 -9999 -9999 -9999 -9999 -9999 -9999 -9999 -9999 -9999 -9999 -9999 -9999 -9999 -9999 -9999 -9999 -9999 -9999 -9999
0 0 0 0 0 0 0 0 0 0 0 0 0 0 0 0 0 0 0 0 0 0 0 0 0 0 0 0 0 0 0 0 0 0 0 0 0 0 0 0 0 0 845 2064 0 0 4571 3930 260 47 43 47 44 22 0 0 1512 496 2092 1783 1028 1639 1485 13 11 16 13 9 26 -9999 -9999 -9999 -9999 -9999 -9999 -9999 -9999 -9999 -9999 -9999 -9999 -9999 -9999 -9999 -9999 -9999 -9999 -9999 -9999 -9999
0 0 0 0 0 0 0 0 0 0 0 0 0 0 0 0 0 0 0 0 0 0 0 0 0 0 0 0 0 0 0 0 0 0 0 0 0 0 0 0 0 0 0 0 0 0 212 228 9 45 41 47 31 4 0 49 1775 307 146 23 550 1636 1595 207 19 15 52 25 6 -9999 -9999 -9999 -9999 -9999 -9999 -9999 -9999 -9999 -9999 -9999 -9999 -9999 -9999 -9999 -9999 -9999 -9999 -9999 -9999 -9999
-9999 0 0 0 0 0 0 0 0 0 0 0 0 0 0 0 0 0 0 0 0 0 0 0 0 0 0 0 0 0 0 0 0 0 0 0 0 0 0 0 0 0 0 0 4 0 23 9 0 22 36 34 8 0 794 1039 1213 23 23 23 25 2073 4576 1500 605 304 48 151 -9999 -9999 -9999 -9999 -9999 -9999 -9999 -9999 -9999 -9999 -9999 -9999 -9999 -9999 -9999 -9999 -9999 -9999 -9999 -9999 -9999 -9999
-9999 0 0 0 0 0 0 0 0 0 0 0 0 0 0 0 0 0 0 0 0 0 0 0 0 0 0 0 0 0 0 0 0 0 0 0 0 0 0 0 0 0 0 0 0 0 31 18 7 2 0 0 18 310 190 1962 23 23 23 181 70 1927 1990 996 516 648 145 605 5 -9999 -9999 -9999 -9999 -9999 -9999 -9999 -9999 -9999 -9999 -9999 -9999 -9999 -9999 -9999 -9999 -9999 -9999 -9999 -9999 -9999
-9999 0 0 0 0 0 0 0 0 0 0 0 0 0 0 0 0 0 0 0 0 0 0 0 0 0 0 0 0 0 0 0 0 0 0 0 0 0 0 0 0 0 0 0 0 0 35 29 31 10 13 22 25 24 23 32 22 24 29 579 1695 1305 23 1202 780 3 484 47 0 2 -9999 -9999 -9999 -9999 -9999 -9999 -9999 -9999 -9999 -9999 -9999 -9999 -9999 -9999 -9999 -9999 -9999 -9999 -9999 -9999
-9999 0 0 0 0 0 0 0 0 0 0 0 0 0 0 0 0 0 0 0 0 0 0 0 0 0 0 0 0 0 0 0 0 0 0 0 0 0 0 0 0 0 0 0 1270 0 0 9 34 30 23 351 24 27 14 8 0 25 37 40 279 466 141 1015 2041 231 0 6 0 1126 14 -9999 -9999 -9999 -9999 -9999 -9999 -9999 -9999 -9999 -9999 -9999 -9999 -9999 -9999 -9999 -9999 -9999 -9999 -9999
-9999 -9999 0 0 0 0 0 0 0 0 0 0 0 0 0 0 0 0 0 0 0 0 0 0 0 0 0 0 0 0 0 0 0 0 0 0 0 0 0 0 0 0 0 0 0 0 0 18 36 36 26 25 28 20 0 0 1 15 47 47 31 23 0 0 1554 499 179 528 185 20 1313 -9999 -9999 -9999 -9999 -9999 -9999 -9999 -9999 -9999 -9999 -9999 -9999 -9999 -9999 -9999 -9999 -9999 -9999 -9999
-9999 -9999 -9999 0 0 0 0 0 0 0 0 0 0 0 0 0 0 0 0 0 0 0 0 0 0 0 0 0 0 0 0 0 0 0 0 0 0 0 0 0 0 5 9 8 4 1173 0 2203 821 40 34 33 34 20 0 7 22 23 46 47 32 24 2 0 149 1691 157 2073 2067 593 4273 -9999 -9999 -9999 -9999 -9999 -9999 -9999 -9999 -9999 -9999 -9999 -9999 -9999 -9999 -9999 -9999 -9999 -9999 -9999
-9999 -9999 -9999 0 0 0 0 0 0 0 0 0 0 0 0 0 0 0 0 0 0 0 0 0 568 0 0 0 0 0 0 0 0 0 0 0 0 0 0 0 0 1033 23 23 10 20 4151 5878 2737 36 24 30 34 5 0 16 23 23 43 47 32 23 444 5 755 3787 4474 5878 4578 3405 5878 -9999 -9999 -9999 -9999 -9999 -9999 -9999 -9999 -9999 -9999 -9999 -9999 -9999 -9999 -9999 -9999 -9999 -9999 -9999
-9999 -9999 -9999 -9999 0 0 0 0 0 0 0 0 0 0 0 0 0 0 0 0 0 0 1273 0 2362 0 0 0 0 0 0 0 0 0 0 0 0 0 0 0 0 2764 23 23 15 20 2028 5091 2928 32 32 36 34 8 1 26 23 24 35 42 507 894 2358 131 2890 5240 5878 5878 5878 5878 5878 5799 -9999 -9999 -9999 -9999 -9999 -9999 -9999 -9999 -9999 -9999 -9999 -9999 -9999 -9999 -9999 -9999 -9999 -9999
-9999 -9999 -9999 -9999 -9999 0 0 0 0 0 0 0 0 0 0 0 0 0 0 256 2272 2584 2559 0 646 0 0 0 0 0 0 0 0 0 0 0 0 0 0 0 5878 2616 26 24 21 24 30 23 30 29 41 39 38 6 0 9 23 24 35 47 40 38 1807 294 64 3672 5878 5878 5878 5878 5878 5878 5535 -9999 -9999 -9999 -9999 -9999 -9999 -9999 -9999 -9999 -9999 -9999 -9999 -9999 -9999 -9999 -9999 -9999
-9999 -9999 -9999 -9999 -9999 30 4 10 0 0 0 5878 0 0 0 0 0 0 5636 5662 5266 5772 4051 0 0 0 0 0 0 0 0 0 0 0 0 0 0 0 0 5771 5878 2467 23 31 37 36 23 23 30 27 40 39 36 27 7 10 23 23 32 47 43 23 23 921 93 574 4247 5795 5878 5878 5878 5878 5878 -9999 -9999 -9999 -9999 -9999 -9999 -9999 -9999 -9999 -9999 -9999 -9999 -9999 -9999 -9999 -9999 -9999
-9999 -9999 -9999 -9999 -9999 -9999 134 26 12 7 0 5374 0 5878 5878 5075 5711 5878 5878 5878 2800 5105 4031 2284 409 0 0 0 0 0 0 0 0 0 0 0 0 0 0 5766 5878 2319 23 24 28 39 24 25 39 31 35 36 39 20 15 23 23 23 29 47 46 23 23 725 25 1517 4267 4929 5878 5878 5878 5878 5878 5878 -9999 -9999 -9999 -9999 -9999 -9999 -9999 -9999 -9999 -9999 -9999 -9999 -9999 -9999 -9999 -9999
-9999 -9999 -9999 -9999 -9999 -9999 -9999 33 23 18 2964 0 0 5878 5878 5878 5878 5878 5878 5878 5212 4891 4511 41 151 2 0 0 0 0 0 0 0 0 0 0 0 0 0 5878 5878 4680 4161 2905 30 39 31 29 39 38 39 38 41 31 28 23 23 22 25 47 47 25 23 744 104 2433 862 4208 5878 5878 5878 5878 5878 5878 -9999 -9999 -9999 -9999 -9999 -9999 -9999 -9999 -9999 -9999 -9999 -9999 -9999 -9999 -9999 -9999
-9999 -9999 -9999 -9999 -9999 -9999 -9999 148 23 23 2255 0 0 5878 4525 5160 5851 5855 5294 4225 1149 2054 1575 261 420 13 0 0 0 0 0 0 0 0 0 0 0 0 0 5878 5878 5878 5878 3975 28 38 34 25 38 39 39 32 38 37 26 23 19 11 23 46 47 28 23 26 31 1326 3703 4814 5878 5878 5878 5878 5878 5878 5878 -9999 -9999 3689 -9999 -9999 -9999 -9999 -9999 -9999 -9999 -9999 -9999 -9999 -9999 -9999
-9999 -9999 -9999 -9999 -9999 -9999 -9999 145 2489 1024 344 5306 0 5769 65 44 822 302 23 16 20 3 357 43 32 23 23 4 0 0 0 0 0 0 0 0 0 5066 4541 3730 3655 5616 5609 3752 34 517 37 32 29 39 39 39 41 37 35 27 21 19 23 25 24 23 1950 47 41 30 3172 5878 5878 5878 5878 5878 5878 5878 5878 5878 5878 5878 5878 -9999 -9999 -9999 -9999 -9999 -9999 -9999 -9999 -9999 -9999 -9999
-9999 -9999 -9999 -9999 -9999 -9999 -9999 103 3 24 25 2484 4291 3622 66 883 34 414 30 462 354 12 255 41 43 47 37 0 0 0 1 1 0 0 0 0 5878 5016 2483 390 23 23 23 23 28 1945 1489 33 35 39 39 39 32 38 39 25 23 23 23 23 541 2464 3985 1217 43 42 43 2778 5856 5258 5878 5878 5878 5878 5878 5878 5878 5878 5878 5878 5334 -9999 -9999 -9999 -9999 -9999 -9999 -9999 -9999 -9999
-9999 -9999 -9999 -9999 -9999 -9999 -9999 118 12 827 667 157 1211 531 294 39 39 180 1032 209 695 118 305 990 25 29 27 19 12 7 2 11 14 7 2 0 1050 10 4 39 23 25 26 31 25 40 121 27 38 39 39 40 29 31 36 23 23 23 23 28 4308 4524 5878 2903 835 43 43 43 1274 2533 4985 5850 5878 5878 5878 5878 5878 5878 5878 5878 5878 5878 5292 -9999 -9999 -9999 -9999 -9999 -9999 -9999
-9999 -9999 -9999 -9999 -9999 -9999 -9999 110 23 327 255 60 1795 4894 3521 56 1688 1427 125 39 39 40 462 151 0 29 32 14 19 5 8 18 23 35 24 18 18 22 29 45 23 22 39 47 32 30 31 22 36 39 41 41 37 36 30 23 23 23 332 309 2387 3814 5554 2582 3984 43 43 43 44 786 1682 628 2526 4833 5878 5878 5878 5878 5878 5878 5878 5878 5878 -9999 -9999 -9999 -9999 -9999 -9999 -9999
-9999 -9999 -9999 -9999 -9999 -9999 -9999 -9999 23 35 45 791 39 1618 947 1216 1522 874 39 39 39 1041 545 14 0 13 10 3 25 10 8 14 28 35 37 36 19 22 47 45 34 39 38 47 166 1722 317 18 26 39 38 41 37 39 26 23 23 23 739 27 285 38 424 1219 546 42 43 43 43 43 38 23 23 25 1643 4576 4108 5154 5878 5878 5878 5878 5878 -9999 -9999 -9999 -9999 -9999 -9999 -9999
-9999 -9999 -9999 -9999 -9999 -9999 -9999 88 163 22 946 2116 854 39 41 1162 172 2935 39 39 29 1172 12 8 0 3 1 0 2 15 11 29 40 39 46 47 28 29 46 47 37 1783 432 47 959 1524 1633 26 25 39 30 38 39 35 23 23 23 26 33 37 38 37 31 900 36 39 39 39 39 72 30 23 23 19 0 672 3464 985 3877 5878 5878 5878 5878 5872 -9999 -9999 -9999 -9999 -9999 -9999
-9999 -9999 -9999 -9999 -9999 -9999 -9999 77 138 30 336 2722 55 39 34 34 39 263 39 30 14 102 804 469 1 0 0 0 6 21 37 47 47 47 43 47 41 32 37 44 39 29 31 47 498 1095 735 37 28 39 30 39 39 32 23 23 28 38 38 31 41 537 2783 968 29 30 31 35 265 4976 1475 23 20 24 19 18 3407 1108 4612 5878 5878 5878 5878 5878 -9999 -9999 -9999 -9999 -9999 -9999
-9999 -9999 -9999 -9999 -9999 -9999 -9999 -9999 159 166 1092 2784 133 268 123 430 306 1177 985 35 18 803 39 39 25 18 204 10 25 30 43 46 29 39 28 47 42 27 23 30 33 41 37 47 32 23 847 768 34 39 33 31 39 32 23 23 31 38 33 24 1870 5408 5878 3387 26 36 35 42 937 1175 968 22 10 1502 329 12 2843 3839 5868 5878 5878 5878 5878 5878 -9999 -9999 -9999 -9999 -9999 -9999
-9999 -9999 -9999 -9999 -9999 -9999 -9999 -9999 104 428 830 1269 32 334 39 34 484 453 1219 2099 108 550 902 39 39 37 1974 38 1148 1362 26 2 0 28 17 24 22 9 7 27 36 45 44 676 2621 599 23 34 1039 351 54 168 36 35 32 37 30 31 293 3175 5546 5114 5244 4766 123 40 44 30 27 39 39 28 1484 4622 87 35 2609 1871 5878 5878 5878 5878 5878 5845 -9999 -9999 -9999 -9999 -9999 -9999
-9999 -9999 -9999 -9999 -9999 -9999 -9999 -9999 71 50 39 38 30 27 539 18 788 1700 448 77 39 39 39 1288 356 35 39 39 3295 1144 23 1 0 0 0 1 1 24 37 41 45 142 182 249 3581 5160 409 2855 809 148 119 107 195 41 605 1563 546 989 3840 5861 5878 5111 3963 3174 2301 129 23 5 36 39 32 23 228 1569 37 39 1295 945 5878 5878 5242 1942 1218 1144 23 -9999 -9999 -9999 -9999 -9999
-9999 -9999 -9999 -9999 -9999 -9999 -9999 -9999 68 239 762 544 18 25 8 9 1137 219 783 556 39 39 38 206 25 27 258 848 215 512 36 10 3 4 2 8 368 842 746 699 46 909 1717 44 2014 2456 269 744 590 311 612 260 160 39 2961 1764 3012 3920 2721 5554 5878 5878 3787 2667 1488 417 699 31 39 37 24 23 23 30 39 39 33 33 438 2832 1331 23 23 23 -9999 -9999 -9999 -9999 -9999 -9999
-9999 -9999 -9999 -9999 -9999 -9999 -9999 -9999 66 88 116 433 10 708 234 390 845 651 457 39 39 40 38 11 28 34 2236 326 185 541 525 1668 325 44 1980 4755 4628 270 781 2288 665 44 44 43 1015 877 2135 590 121 111 54 192 122 41 4442 5877 5856 4792 5703 5655 5857 4273 683 984 33 431 127 37 35 35 25 27 27 35 35 35 30 27 23 25 30 33 31 35 43 38 0 -9999 -9999 -9999
-9999 -9999 -9999 -9999 -9999 -9999 -9999 -9999 -9999 72 49 716 893 30 471 363 966 1207 575 39 1227 490 43 33 39 33 1405 39 23 17 359 227 115 1063 5878 5485 5691 906 944 1450 217 46 38 10 25 2096 4245 1210 650 161 51 82 153 143 5754 5878 5878 5813 5125 5667 5339 5878 5005 893 1494 289 27 27 27 26 25 24 23 23 23 23 23 24 31 29 486 2020 2605 2 28 47 0 -9999 0 -9999
-9999 -9999 -9999 -9999 -9999 -9999 -9999 -9999 -9999 212 38 356 39 29 229 1213 1080 66 712 1067 5622 2857 3471 383 25 3 6 12 399 3255 1499 30 24 58 4600 5878 5878 3451 44 291 49 41 12 151 325 345 658 793 426 97 109 124 96 73 3175 2894 4637 5859 5239 4583 4253 5033 1219 38 25 7 11 23 23 23 23 23 23 23 23 23 23 23 23 23 248 487 292 25 35 47 38 0 0 0
-9999 -9999 -9999 -9999 -9999 -9999 -9999 -9999 -9999 -9999 36 555 10 5 599 891 1125 545 835 226 3326 2350 1894 61 39 36 1052 2377 1210 155 30 12 23 11 263 684 630 4798 1112 42 39 39 20 790 849 38 50 122 58 50 104 51 39 39 2182 4825 2528 3300 2418 3938 3933 271 36 39 35 17 18 25 29 24 23 23 23 23 23 23 23 23 23 23 23 2251 516 37 44 27 14 40 0 0
-9999 -9999 -9999 -9999 -9999 -9999 -9999 -9999 -9999 -9999 33 280 114 27 1756 806 771 680 1695 28 1294 1456 2497 34 39 83 565 282 151 22 22 1556 140 102 28 594 460 967 83 45 47 1813 2629 2037 428 50 50 63 50 58 94 235 36 677 5516 1207 5147 4807 2584 330 1776 33 39 39 39 39 39 39 38 25 23 23 28 24 23 23 546 502 23 23 23 537 23 23 31 39 20 46 36 46
-9999 -9999 -9999 -9999 -9999 -9999 -9999 -9999 -9999 -9999 57 93 345 93 180 31 630 976 39 15 846 3014 1915 39 39 330 2476 36 39 37 39 594 96 39 10 0 15 82 41 47 47 48 1839 1284 39 50 50 50 50 69 93 1040 33 909 3308 38 1005 1221 2150 221 29 38 39 39 39 39 39 39 32 23 23 36 26 27 23 24 2670 1281 23 23 23 23 23 23 23 31 7 12 22 15
-9999 -9999 -9999 -9999 -9999 -9999 -9999 -9999 -9999 -9999 -9999 44 145 521 1027 16 21 -9999 50 278 953 2032 39 39 39 38 27 34 42 1655 19 149 132 412 32 34 105 57 33 46 47 79 512 3020 299 51 50 50 50 61 70 39 31 26 205 761 39 32 1064 493 40 39 39 34 39 39 39 39 34 36 36 36 36 44 57 58 58 61 42 41 40 35 29 24 23 23 23 21 26 15
-9999 -9999 -9999 -9999 -9999 -9999 -9999 -9999 -9999 -9999 -9999 60 271 835 -9999 -9999 -9999 -9999 -9999 193 1047 1289 39 39 101 290 14 39 39 53 9 65 119 38 63 57 160 71 123 43 36 1807 96 1086 183 332 63 312 452 68 50 39 31 37 41 2284 98 23 922 351 35 39 39 39 40 2113 2518 70 46 45 45 55 61 57 48 46 46 46 46 46 46 50 57 43 39 33 25 23 23 23
-9999 -9999 -9999 -9999 -9999 -9999 -9999 -9999 -9999 -9999 -9999 69 29 -9999 -9999 -9999 -9999 -9999 -9999 189 222 2361 329 39 1364 2479 9 39 24 608 62 280 185 574 47 23 16 36 2825 1098 385 358 19 18 20 123 50 56 92 76 39 39 32 491 1044 25 23 34 41 36 39 37 39 39 867 3969 515 51 57 59 60 61 56 129 391 46 42 46 46 42 42 44 41 40 42 53 67 38 30 32
