bin/Debug/DLS/DLS/Input/sc1gr1.grid
ncols         109
nrows         140
xllcorner     1129355.625
yllcorner     4033173
cellsize      1000
NODATA_value  -9999
[rows 72 to 107 of 140, columns 0 to 81 of 109]
-9999 -9999 -9999 -9999 -9999 4359 4359 4359 4362 4362 4365 4365 4365 4368 4365 4365 4362 4368 4368 4368 4365 4365 4371 4371 4368 4368 4365 4365 4362 4362 4362 4362 4368 4365 4365 4365 4365 4362 4362 4362 4362 4362 4362 4365 4365 4365 4365 4365 4365 4369 4372 4378 4378 4381 4381 4381 4384 4393 4393 4396 4399 4399 4399 4405 4405 4411 4411 4414 4414 4417 4420 4420 4427 4427 4427 4427 4389 4389 4389 -9999 -9999 -9999
-9999 -9999 -9999 -9999 -9999 -9999 4359 4359 4362 4365 4365 4365 4368 4368 4365 4365 4362 4365 4368 4368 4368 4365 4371 4371 4371 4371 4368 4365 4365 4365 4362 4362 4362 4368 4365 4365 4365 4365 4365 4365 4365 4365 4365 4365 4365 4365 4365 4365 4368 4372 4378 4378 4381 4381 4381 4384 4393 4393 4396 4399 4399 4399 4405 4408 4408 4411 4414 4417 4420 4420 4427 4427 4427 4427 4427 4427 4389 4389 4389 -9999 -9999 -9999
-9999 -9999 -9999 -9999 -9999 -9999 -9999 -9999 -9999 -9999 4371 4371 4368 4368 4365 4365 4362 4365 4368 4368 4368 4371 4371 4371 4371 4371 4368 4368 4365 4365 4365 4362 4362 4368 4368 4368 4365 4365 4365 4365 4365 4365 4365 4365 4365 4365 4365 4368 4372 4375 4378 4381 4381 4381 4384 4393 4393 4396 4399 4399 4399 4405 4408 4408 4411 4414 4417 4420 4420 4427 4427 4427 4427 4427 4427 4427 4389 4389 4389 4389 -9999 -9999
-9999 -9999 -9999 -9999 -9999 -9999 -9999 -9999 -9999 4371 4371 4371 4371 4368 4365 4365 4362 4365 4368 4371 4371 4375 4375 4371 4371 4374 4371 4368 4368 4365 4365 4365 4362 4365 4368 4368 4368 4368 4365 4365 4365 4365 4365 4365 4368 4368 4368 4375 4375 4378 4381 4381 4381 4384 4390 4393 4396 4399 4399 4399 4405 4408 4408 4411 4414 4417 4420 4427 4427 4427 4427 4427 4427 4427 4430 4430 4430 4389 4389 4389 -9999 -9999
-9999 -9999 -9999 -9999 -9999 -9999 -9999 -9999 4371 4371 4371 4371 4368 4368 4368 4365 4365 4365 4368 4371 4371 4375 4375 4375 4371 4371 4371 4371 4368 4368 4368 4365 4365 4365 4365 4368 4368 4368 4368 4368 4368 4368 4368 4368 4368 4372 4375 4375 4378 4381 4381 4381 4384 4390 4393 4396 4399 4399 4399 4405 4408 4411 4414 4414 4420 4420 4427 4427 4427 4427 4427 4430 4430 4430 4433 4433 4433 4389 4389 4389 -9999 -9999
-9999 -9999 -9999 -9999 -9999 -9999 -9999 -9999 4371 4371 4368 4368 4368 4368 4368 4368 4371 4365 4368 4371 4371 4378 4375 4375 4375 4371 4374 4371 4371 4368 4372 4372 4368 4365 4368 4368 4372 4372 4372 4368 4368 4372 4372 4372 4372 4375 4375 4381 4381 4381 4384 4387 4390 4393 4396 4399 4399 4399 4405 4408 4411 4414 4414 4420 4423 4427 4427 4427 4427 4430 4430 4433 4433 4433 4433 4436 4389 4389 4389 4389 -9999 -9999
-9999 -9999 -9999 -9999 -9999 -9999 -9999 4371 4371 4371 4371 4371 4371 4371 4368 4368 4371 4368 4368 4371 4371 4378 4375 4375 4375 4375 4378 4374 4371 4371 4375 4372 4372 4372 4368 4368 4368 4372 4372 4372 4372 4372 4372 4372 4375 4378 4381 4381 4381 4384 4387 4390 4393 4396 4399 4399 4399 4405 4408 4411 4414 4414 4420 4423 4427 4427 4427 4427 4430 4433 4433 4433 4436 4436 4436 4389 4389 4389 4389 4389 -9999 -9999
-9999 -9999 -9999 -9999 -9999 -9999 -9999 4371 4371 4371 4371 4371 4371 4371 4371 4374 4371 4371 4371 4374 4374 4378 4378 4375 4375 4375 4378 4378 4374 4371 4375 4375 4375 4372 4375 4375 4372 4368 4372 4372 4372 4375 4375 4378 4378 4378 4381 4384 4387 4390 4390 4393 4393 4399 4399 4399 4405 4408 4411 4414 4417 4420 4427 4427 4427 4427 4430 4433 4433 4433 4436 4436 4439 4439 4389 4389 4389 4389 4389 4389 4389 -9999
-9999 -9999 -9999 -9999 -9999 -9999 -9999 4371 4371 4371 4371 4371 4371 4371 4371 4374 4374 4374 4368 4371 4378 4381 4378 4375 4375 4375 4378 4378 4378 4378 4375 4375 4375 4375 4378 4378 4375 4375 4375 4378 4378 4375 4378 4381 4384 4387 4387 4387 4390 4390 4393 4393 4399 4399 4399 4405 4405 4411 4414 4417 4420 4427 4427 4427 4427 4430 4433 4433 4436 4436 4439 4439 4442 4389 4389 4389 4389 4389 4389 4389 4389 -9999
-9999 -9999 -9999 -9999 -9999 -9999 4368 4371 4371 4371 4371 4371 4371 4371 4374 4374 4374 4374 4374 4375 4378 4381 4381 4378 4375 4375 4378 4378 4378 4378 4381 4378 4375 4375 4378 4378 4378 4378 4378 4378 4381 4384 4384 4384 4387 4390 4390 4390 4390 4393 4393 4399 4399 4399 4405 4408 4411 4414 4417 4420 4427 4427 4427 4430 4433 4433 4436 4436 4439 4439 4445 4445 4389 4389 4389 4389 4389 4389 4389 4389 4389 4389
-9999 -9999 -9999 -9999 -9999 -9999 4368 4371 4371 4371 4371 4371 4371 4371 4374 4374 4374 4377 4377 4381 4378 4381 4381 4381 4378 4375 4378 4378 4378 4378 4381 4381 4381 4378 4381 4381 4378 4378 4378 4378 4378 4384 4387 4387 4390 4390 4390 4390 4393 4396 4399 4399 4399 4402 4408 4414 4414 4417 4420 4427 4427 4427 4430 4433 4433 4436 4439 4439 4445 4448 4451 4389 4389 4389 4389 4389 4389 4389 4389 4389 4389 4389
-9999 -9999 -9999 -9999 -9999 4368 4368 4368 4371 4371 4371 4371 4371 4371 4374 4374 4377 4377 4377 4381 4381 4384 4381 4381 4381 4381 4378 4378 4378 4378 4381 4381 4381 4381 4381 4381 4381 4381 4381 4381 4384 4384 4387 4390 4390 4390 4390 4390 4396 4399 4399 4402 4405 4408 4414 4414 4417 4420 4427 4427 4427 4430 4433 4433 4436 4439 4445 4448 4451 4454 4389 4389 4389 4389 4389 4389 4389 4389 4389 4389 4389 4389
-9999 -9999 -9999 -9999 -9999 4375 4371 4368 4368 4371 4371 4371 4371 4374 4374 4377 4377 4377 4377 4381 4381 4384 4384 4384 4381 4381 4384 4381 4378 4378 4381 4381 4381 4381 4384 4384 4384 4381 4381 4384 4384 4384 4387 4390 4390 4390 4393 4396 4396 4399 4405 4405 4408 4414 4414 4417 4420 4427 4427 4427 4430 4433 4436 4436 4439 4445 4451 4454 4454 4454 4389 4389 4389 4389 4389 4389 4389 4389 4389 4389 4389 4389
-9999 -9999 -9999 -9999 -9999 -9999 -9999 4375 4371 4375 4371 4371 4371 4374 4374 4377 4377 4377 4377 4381 4381 4384 4384 4384 4384 4384 4384 4384 4381 4384 4381 4381 4381 4381 4384 4384 4384 4384 4384 4387 4387 4384 4387 4390 4393 4393 4399 4399 4405 4405 4405 4411 4411 4414 4417 4420 4427 4427 4427 4430 4433 4436 4439 4442 4448 4451 4454 4454 4454 4454 4389 4389 4389 4389 4389 4389 4389 4389 4389 4389 4389 4389
-9999 -9999 -9999 -9999 -9999 -9999 -9999 4375 4375 4375 4375 4375 4375 4374 4374 4377 4377 4377 4377 4381 4381 4384 4384 4384 4384 4384 4387 4387 4384 4387 4384 4384 4384 4384 4384 4384 4384 4384 4387 4387 4387 4390 4393 4396 4396 4396 4399 4402 4405 4405 4408 4411 4414 4417 4417 4424 4427 4427 4430 4433 4436 4439 4442 4448 4454 4454 4454 4454 4457 4460 4389 4389 4389 4389 4389 4389 4389 4389 4389 4389 4389 4389
-9999 -9999 -9999 -9999 -9999 -9999 -9999 -9999 -9999 4375 4378 4378 4378 4378 4378 4377 4377 4377 4377 4381 4381 4384 4384 4384 4387 4384 4387 4387 4387 4390 4390 4384 4384 4384 4387 4387 4387 4387 4390 4390 4390 4393 4393 4396 4399 4402 4402 4405 4408 4408 4411 4414 4417 4417 4424 4427 4427 4427 4430 4436 4442 4442 4448 4454 4454 4454 4454 4460 4460 4460 4460 4389 4389 4389 4389 4389 4389 4389 4389 4460 4460 4460
-9999 -9999 -9999 -9999 -9999 -9999 -9999 -9999 -9999 -9999 4381 4378 4381 4378 4378 4381 4381 4377 4377 4381 4381 4381 4390 4387 4387 4387 4390 4390 4390 4393 4393 4393 4393 4387 4390 4390 4387 4390 4390 4390 4393 4396 4396 4399 4402 4405 4405 4408 4408 4411 4411 4417 4417 4424 4424 4427 4427 4430 4433 4442 4442 4448 4454 4454 4454 4457 4460 4460 4463 4466 4466 4389 4389 4389 4389 4389 4463 4463 4463 4460 4389 4389
-9999 -9999 -9999 -9999 -9999 -9999 -9999 -9999 -9999 -9999 -9999 4381 4381 4381 4381 4381 4381 4381 4381 4381 4381 4381 4390 4390 4387 4387 4390 4390 4390 4393 4393 4393 4393 4393 4396 4393 4393 4396 4396 4396 4396 4399 4399 4399 4405 4405 4408 4408 4408 4411 4417 4420 4420 4424 4427 4427 4430 4433 4439 4442 4445 4454 4454 4454 4457 4460 4460 4466 4466 4466 4466 4389 4389 4466 4466 4466 4466 4466 4466 4389 -9999 -9999
-9999 -9999 -9999 -9999 -9999 -9999 -9999 -9999 -9999 -9999 -9999 4381 4384 4381 4384 4384 4381 4381 4381 4384 4384 4381 4390 4390 4390 4387 4390 4390 4393 4393 4393 4393 4393 4393 4396 4396 4396 4396 4396 4396 4399 4399 4399 4402 4405 4405 4408 4408 4411 4414 4420 4420 4424 4424 4427 4427 4433 4439 4442 4445 4451 4454 4454 4454 4460 4460 4466 4466 4466 4466 4466 4469 4469 4469 4469 4469 4469 4466 4466 -9999 -9999 -9999
-9999 -9999 -9999 -9999 -9999 -9999 -9999 -9999 -9999 -9999 -9999 4384 4387 4387 4387 4387 4384 4381 4381 4384 4384 4384 4390 4390 4390 4390 4393 4390 4393 4393 4393 4393 4393 4393 4396 4396 4399 4399 4399 4399 4399 4399 4399 4402 4405 4408 4408 4408 4414 4417 4420 4420 4424 4427 4430 4433 4439 4442 4442 4448 4454 4454 4457 4460 4460 4466 4466 4466 4466 4469 4472 4472 4472 4472 4472 4472 4472 4469 -9999 -9999 -9999 -9999
-9999 -9999 -9999 -9999 -9999 -9999 -9999 -9999 -9999 -9999 4381 4387 4387 4390 4387 4387 -9999 4387 4390 4387 4384 4384 4384 4393 4390 4390 4393 4393 4393 4393 4393 4393 4393 4396 4396 4396 4399 4399 4399 4399 4402 4402 4402 4402 4405 4408 4408 4414 4417 4420 4420 4424 4427 4430 4430 4433 4442 4442 4448 4451 4454 4454 4460 4460 4466 4466 4466 4466 4472 4472 4472 4472 4472 4472 4472 4472 4472 -9999 -9999 -9999 -9999 -9999
-9999 -9999 -9999 -9999 -9999 -9999 -9999 -9999 -9999 4378 4381 4387 4387 4390 4390 -9999 -9999 4387 4390 -9999 -9999 4387 4384 4393 4393 4396 4396 4393 4396 4396 4393 4393 4393 4396 4396 4396 4399 4399 4399 4399 4402 4402 4405 4405 4408 4414 4414 4420 4420 4423 4423 4427 4430 4430 4430 4436 4445 4448 4451 4451 4454 4457 4460 4466 4466 4466 4466 4472 4472 4472 4472 4472 4472 4472 4472 4472 -9999 -9999 -9999 -9999 -9999 -9999
-9999 -9999 -9999 -9999 -9999 -9999 -9999 -9999 -9999 -9999 4381 4387 4387 -9999 -9999 -9999 4387 -9999 -9999 -9999 -9999 -9999 4390 4396 4393 4396 4396 4399 4399 4399 4396 4393 4393 4396 4396 4399 4399 4399 4399 4399 4402 4402 4405 4405 4411 4417 4417 4420 4420 4423 4423 4427 4430 4433 4439 4445 4445 4448 4451 4454 4454 4457 4460 4466 4466 4466 4469 4472 4472 4472 4472 4472 4472 4472 4472 -9999 -9999 -9999 -9999 -9999 -9999 -9999
-9999 -9999 -9999 -9999 -9999 -9999 -9999 -9999 -9999 -9999 -9999 4387 -9999 -9999 -9999 -9999 -9999 -9999 -9999 -9999 -9999 -9999 -9999 -9999 -9999 4399 4396 4399 4399 4399 4399 4399 4399 4396 4396 4399 4399 4399 4399 4399 4402 4402 4405 4411 4417 4417 4420 4420 4423 4423 4427 4430 4430 4436 4445 4445 4448 4448 4451 4454 4457 4460 4463 4466 4466 4466 4472 4472 4472 4472 -9999 4472 -9999 -9999 -9999 -9999 -9999 -9999 -9999 -9999 -9999 -9999
-9999 -9999 -9999 -9999 -9999 -9999 -9999 -9999 -9999 -9999 -9999 -9999 -9999 -9999 -9999 -9999 -9999 -9999 -9999 -9999 -9999 -9999 -9999 -9999 -9999 4402 4405 4405 4405 4399 4399 4399 4399 4402 4402 4402 4402 4402 4402 4405 4405 4411 4411 4411 4417 4417 4420 4423 4427 4427 4427 4433 4436 4442 4445 4445 4448 4448 4451 4454 4457 4460 4466 4466 4466 4469 4472 4472 -9999 -9999 -9999 -9999 -9999 -9999 -9999 -9999 -9999 -9999 -9999 -9999 -9999 -9999
-9999 -9999 -9999 -9999 -9999 -9999 -9999 -9999 -9999 -9999 -9999 -9999 -9999 -9999 -9999 -9999 -9999 -9999 -9999 -9999 -9999 -9999 -9999 -9999 -9999 4402 4405 4405 4405 4405 4405 4405 4405 4408 4408 4405 4405 4405 4405 4408 4408 4411 4411 4411 4420 4420 4420 4423 4430 4430 4430 4433 4439 4442 4445 4445 4448 4448 4451 4454 4457 4460 4466 4466 4466 4469 4472 -9999 -9999 -9999 -9999 -9999 -9999 -9999 -9999 -9999 -9999 -9999 -9999 -9999 -9999 -9999
-9999 -9999 -9999 -9999 -9999 -9999 -9999 -9999 -9999 -9999 -9999 -9999 -9999 -9999 -9999 -9999 -9999 -9999 -9999 -9999 -9999 -9999 -9999 -9999 -9999 4393 4405 4405 4405 4405 4405 4405 4405 4408 4411 4411 4411 4411 4411 4408 4408 4408 4417 4420 4420 4423 4423 4426 4430 4430 4430 4433 4442 4442 4445 4445 4448 4448 4451 4454 4457 4460 4466 4466 4466 4469 -9999 -9999 -9999 -9999 -9999 -9999 -9999 -9999 -9999 -9999 -9999 -9999 -9999 -9999 -9999 -9999
-9999 -9999 -9999 -9999 -9999 -9999 -9999 -9999 -9999 -9999 -9999 -9999 -9999 -9999 -9999 -9999 -9999 -9999 -9999 -9999 -9999 -9999 -9999 -9999 -9999 4393 4408 4408 4405 4408 4408 4408 4411 4411 4408 4405 4405 4408 4411 4411 4411 4414 4414 4420 4420 4423 4423 4426 4430 4430 4430 4436 4442 4442 4445 4445 4448 4448 4451 4451 4457 4460 4466 4466 4466 4469 -9999 -9999 -9999 -9999 -9999 -9999 -9999 -9999 -9999 -9999 -9999 -9999 -9999 -9999 -9999 -9999
-9999 -9999 -9999 -9999 -9999 -9999 -9999 -9999 -9999 -9999 -9999 -9999 -9999 -9999 -9999 -9999 -9999 -9999 -9999 -9999 -9999 -9999 -9999 -9999 -9999 -9999 4408 4408 4408 4411 4408 4408 4411 4411 4411 4411 4411 4411 4411 4411 4411 4417 4420 4420 4420 4420 4423 4426 4430 4430 4430 4436 4442 4442 4445 4445 4448 4448 4451 4451 4457 4460 4466 4466 -9999 -9999 -9999 -9999 -9999 -9999 -9999 -9999 -9999 -9999 -9999 -9999 -9999 -9999 -9999 -9999 -9999 -9999
-9999 -9999 -9999 -9999 -9999 -9999 -9999 -9999 -9999 -9999 -9999 -9999 -9999 -9999 -9999 -9999 -9999 -9999 -9999 -9999 -9999 -9999 -9999 -9999 -9999 -9999 -9999 -9999 -9999 4411 4411 4411 4411 4411 4411 4411 4411 4414 4414 4417 4414 4417 4420 4423 4420 4420 4423 4426 4430 4430 4433 4436 4442 4442 4445 4445 4448 4448 4451 4451 4457 4457 4466 4466 -9999 -9999 -9999 -9999 -9999 -9999 -9999 -9999 -9999 -9999 -9999 -9999 -9999 -9999 -9999 -9999 -9999 -9999
-9999 -9999 -9999 -9999 -9999 -9999 -9999 -9999 -9999 -9999 -9999 -9999 -9999 -9999 -9999 -9999 -9999 -9999 -9999 -9999 -9999 -9999 -9999 -9999 -9999 -9999 -9999 -9999 -9999 -9999 4411 4411 4414 4411 4411 4411 4411 4414 4414 4417 4417 4417 4420 4423 4423 4423 4420 4426 4430 4430 4433 4439 4442 4442 4442 4445 4448 4448 4451 4451 4451 4457 4466 -9999 -9999 -9999 -9999 -9999 -9999 -9999 -9999 -9999 -9999 -9999 -9999 -9999 -9999 -9999 -9999 -9999 -9999 -9999
-9999 -9999 -9999 -9999 -9999 -9999 -9999 -9999 -9999 -9999 -9999 -9999 -9999 -9999 -9999 -9999 -9999 -9999 -9999 -9999 -9999 -9999 -9999 -9999 -9999 -9999 -9999 -9999 -9999 -9999 -9999 4411 4414 4414 4411 4411 4411 4414 4414 4417 4417 4417 4420 4423 4423 4423 4423 4429 4430 4433 4433 4439 4442 4442 4442 4445 4448 4448 4451 4451 4451 4457 4463 -9999 -9999 -9999 -9999 -9999 -9999 -9999 -9999 -9999 -9999 -9999 -9999 -9999 -9999 -9999 -9999 -9999 -9999 -9999
-9999 -9999 -9999 -9999 -9999 -9999 -9999 -9999 -9999 -9999 -9999 -9999 -9999 -9999 -9999 -9999 -9999 -9999 -9999 -9999 -9999 -9999 -9999 -9999 -9999 -9999 -9999 -9999 -9999 -9999 -9999 4411 4411 4414 4414 4411 4411 4414 4414 4417 4417 4417 4420 4423 4423 4423 4423 4423 4436 4433 4433 4436 4442 4442 4442 4445 4445 4448 4448 4451 4451 4460 -9999 -9999 -9999 -9999 -9999 -9999 -9999 -9999 -9999 -9999 -9999 -9999 -9999 -9999 -9999 -9999 -9999 -9999 -9999 -9999
-9999 -9999 -9999 -9999 -9999 -9999 -9999 -9999 -9999 -9999 -9999 -9999 -9999 -9999 -9999 -9999 -9999 -9999 -9999 -9999 -9999 -9999 -9999 -9999 -9999 -9999 -9999 -9999 -9999 -9999 4411 4411 4411 4414 4414 4414 4414 4414 4414 4417 4417 4417 4420 4423 4423 4423 4423 4423 4433 4436 4433 4436 4442 4442 4442 4445 4445 4448 4448 4451 4460 4457 -9999 -9999 -9999 -9999 -9999 -9999 -9999 -9999 -9999 -9999 -9999 -9999 -9999 -9999 -9999 -9999 -9999 -9999 -9999 -9999
-9999 -9999 -9999 -9999 -9999 -9999 -9999 -9999 -9999 -9999 -9999 -9999 -9999 -9999 -9999 -9999 -9999 -9999 -9999 -9999 -9999 -9999 -9999 -9999 -9999 -9999 -9999 -9999 -9999 -9999 4414 4411 4411 4414 4414 4414 4417 4417 4414 4420 4417 4417 4420 4420 4423 4423 4426 4426 4433 4436 4436 4439 4439 4442 4442 4442 4445 4448 4460 4463 4460 -9999 -9999 -9999 -9999 -9999 -9999 -9999 -9999 -9999 -9999 -9999 -9999 -9999 -9999 -9999 -9999 -9999 -9999 -9999 -9999 -9999
-9999 -9999 -9999 -9999 -9999 -9999 -9999 -9999 -9999 -9999 -9999 -9999 -9999 -9999 -9999 -9999 -9999 -9999 -9999 -9999 -9999 -9999 -9999 -9999 -9999 -9999 -9999 -9999 -9999 4411 4411 4414 4411 4414 4414 4414 4417 4417 4426 4420 4420 4420 4423 4420 4426 4426 4426 4426 4430 4433 4436 4439 4439 4442 4442 4442 4448 4457 -9999 -9999 -9999 -9999 -9999 -9999 -9999 -9999 -9999 -9999 -9999 -9999 -9999 -9999 -9999 -9999 -9999 -9999 -9999 -9999 -9999 -9999 -9999 -9999
