bin/Debug/DLS/DLS/Input/sc1gr14.grid
ncols         109
nrows         140
xllcorner     1129355.625
yllcorner     4033173
cellsize      1000
NODATA_value  -9999
[rows 0 to 38 of 140, columns 0 to 87 of 109]
-9999 -9999 -9999 -9999 -9999 -9999 -9999 -9999 -9999 -9999 -9999 -9999 -9999 -9999 -9999 -9999 -9999 -9999 -9999 -9999 -9999 -9999 -9999 -9999 -9999 -9999 -9999 -9999 -9999 -9999 -9999 -9999 -9999 -9999 -9999 -9999 -9999 -9999 -9999 -9999 -9999 -9999 -9999 -9999 -9999 -9999 -9999 -9999 -9999 -9999 -9999 -9999 -9999 -9999 155 156 157 158 159 160 -9999 -9999 162 -9999 -9999 -9999 -9999 -9999 -9999 -9999 -9999 -9999 -9999 -9999 -9999 -9999 -9999 -9999 -9999 -9999 -9999 -9999 -9999 -9999 -9999 -9999 -9999 -9999
-9999 -9999 -9999 -9999 -9999 -9999 -9999 -9999 -9999 -9999 -9999 -9999 -9999 -9999 -9999 -9999 -9999 -9999 -9999 -9999 -9999 -9999 -9999 -9999 -9999 -9999 -9999 -9999 -9999 -9999 -9999 -9999 -9999 -9999 -9999 -9999 -9999 -9999 -9999 -9999 -9999 -9999 -9999 -9999 -9999 -9999 -9999 -9999 -9999 -9999 -9999 -9999 -9999 155 156 157 157 158 159 160 161 162 163 164 -9999 -9999 -9999 -9999 -9999 -9999 -9999 -9999 -9999 -9999 -9999 -9999 -9999 -9999 -9999 -9999 -9999 -9999 -9999 -9999 -9999 -9999 -9999 -9999
-9999 -9999 -9999 -9999 -9999 -9999 -9999 -9999 -9999 -9999 -9999 -9999 -9999 -9999 -9999 -9999 -9999 -9999 -9999 -9999 -9999 -9999 -9999 -9999 -9999 -9999 -9999 -9999 -9999 -9999 -9999 -9999 -9999 -9999 -9999 -9999 -9999 -9999 -9999 -9999 -9999 -9999 -9999 147 148 148 149 -9999 -9999 152 -9999 154 154 155 156 157 158 159 160 161 161 162 163 164 165 -9999 -9999 -9999 -9999 -9999 -9999 -9999 -9999 -9999 -9999 -9999 -9999 -9999 -9999 -9999 -9999 -9999 -9999 -9999 -9999 -9999 -9999 -9999
-9999 -9999 -9999 -9999 -9999 -9999 -9999 -9999 -9999 -9999 -9999 -9999 -9999 -9999 -9999 -9999 -9999 -9999 -9999 -9999 -9999 -9999 -9999 -9999 -9999 -9999 -9999 -9999 -9999 -9999 -9999 137 138 139 140 140 -9999 -9999 -9999 -9999 -9999 145 146 147 148 149 150 151 151 152 153 154 155 156 157 158 158 159 160 161 162 163 164 165 165 166 167 -9999 -9999 -9999 -9999 -9999 -9999 -9999 -9999 -9999 -9999 -9999 -9999 -9999 -9999 -9999 -9999 -9999 -9999 -9999 -9999 -9999
113 114 115 116 116 117 118 119 119 120 121 122 122 123 124 125 126 126 127 128 129 -9999 -9999 131 -9999 -9999 -9999 134 135 -9999 137 138 138 139 140 141 142 143 -9999 144 145 146 147 148 149 149 150 151 152 153 154 155 155 156 157 158 159 160 161 162 162 163 164 165 166 167 168 169 169 -9999 -9999 -9999 -9999 -9999 -9999 -9999 -9999 -9999 -9999 -9999 -9999 -9999 -9999 -9999 -9999 -9999 -9999 -9999
114 115 116 116 117 118 119 119 120 121 122 122 123 124 125 125 126 127 128 129 129 130 131 132 133 133 134 135 136 137 137 138 139 140 141 142 142 143 144 145 146 147 147 148 149 150 151 152 152 153 154 155 156 157 158 159 159 160 161 162 163 164 165 166 166 167 168 169 170 -9999 -9999 -9999 -9999 -9999 -9999 -9999 -9999 -9999 -9999 -9999 -9999 -9999 -9999 -9999 -9999 -9999 -9999 -9999
115 116 116 117 118 118 119 120 121 121 122 123 124 124 125 126 127 128 128 129 130 131 132 132 133 134 135 136 136 137 138 139 140 140 141 142 143 144 145 145 146 147 148 149 150 150 151 152 153 154 155 156 156 157 158 159 160 161 162 162 163 164 165 166 167 168 169 170 170 -9999 -9999 -9999 -9999 -9999 -9999 -9999 -9999 -9999 -9999 -9999 -9999 -9999 -9999 -9999 -9999 -9999 -9999 -9999
-9999 116 117 118 118 119 120 121 121 122 123 124 124 125 126 127 127 128 129 130 131 131 132 133 134 135 135 136 137 138 139 139 140 141 142 143 143 144 145 146 147 148 148 149 150 151 152 153 154 154 155 156 157 158 159 160 160 161 162 163 164 165 166 166 167 168 169 170 -9999 -9999 -9999 -9999 -9999 -9999 -9999 -9999 -9999 -9999 -9999 -9999 -9999 -9999 -9999 -9999 -9999 -9999 -9999 -9999
-9999 117 118 118 119 120 121 121 122 123 123 124 125 126 127 127 128 129 130 130 131 132 133 134 134 135 136 137 138 138 139 140 141 142 142 143 144 145 146 146 147 148 149 150 151 152 152 153 154 155 156 157 157 158 159 160 161 162 163 163 164 165 166 167 168 169 170 170 171 -9999 -9999 -9999 -9999 -9999 -9999 -9999 -9999 -9999 -9999 -9999 -9999 -9999 -9999 -9999 -9999 -9999 -9999 -9999
-9999 118 118 119 120 120 121 122 123 123 124 125 126 126 127 128 129 129 130 131 132 133 133 134 135 136 137 137 138 139 140 141 141 142 143 144 145 145 146 147 148 149 150 150 151 152 153 154 155 155 156 157 158 159 160 161 161 162 163 164 165 166 167 167 168 169 170 171 172 173 -9999 -9999 -9999 -9999 -9999 -9999 -9999 -9999 -9999 -9999 -9999 -9999 -9999 -9999 -9999 -9999 -9999 -9999
-9999 118 119 120 120 121 122 123 123 124 125 126 126 127 128 129 129 130 131 132 132 133 134 135 136 136 137 138 139 140 140 141 142 143 144 144 145 146 147 148 148 149 150 151 152 153 153 154 155 156 157 158 159 159 160 161 162 163 164 164 165 166 167 168 169 170 171 171 172 173 174 -9999 -9999 -9999 -9999 -9999 -9999 -9999 -9999 -9999 -9999 -9999 -9999 -9999 -9999 -9999 -9999 -9999
-9999 -9999 120 120 121 122 123 123 124 125 125 126 127 128 128 129 130 131 132 132 133 134 135 135 136 137 138 139 139 140 141 142 143 143 144 145 146 147 147 148 149 150 151 151 152 153 154 155 156 157 157 158 159 160 161 162 162 163 164 165 166 167 168 168 169 170 171 172 173 174 175 -9999 -9999 -9999 -9999 -9999 -9999 -9999 -9999 -9999 -9999 -9999 -9999 -9999 -9999 -9999 -9999 -9999
-9999 -9999 -9999 121 122 123 123 124 125 125 126 127 128 128 129 130 131 131 132 133 134 134 135 136 137 138 138 139 140 141 142 142 143 144 145 146 146 147 148 149 150 150 151 152 153 154 155 155 156 157 158 159 160 160 161 162 163 164 165 166 166 167 168 169 170 171 172 172 173 174 175 -9999 -9999 -9999 -9999 -9999 -9999 -9999 -9999 -9999 -9999 -9999 -9999 -9999 -9999 -9999 -9999 -9999
-9999 -9999 -9999 122 123 123 124 125 125 126 127 128 128 129 130 131 131 132 133 134 134 135 136 137 137 138 139 140 141 141 142 143 144 145 145 146 147 148 149 149 150 151 152 153 153 154 155 156 157 158 158 159 160 161 162 163 163 164 165 166 167 168 169 169 170 171 172 173 174 175 176 -9999 -9999 -9999 -9999 -9999 -9999 -9999 -9999 -9999 -9999 -9999 -9999 -9999 -9999 -9999 -9999 -9999
-9999 -9999 -9999 -9999 123 124 125 125 126 127 128 128 129 130 130 131 132 133 133 134 135 136 137 137 138 139 140 140 141 142 143 144 144 145 146 147 148 148 149 150 151 152 152 153 154 155 156 156 157 158 159 160 161 161 162 163 164 165 166 167 167 168 169 170 171 172 173 173 174 175 176 177 -9999 -9999 -9999 -9999 -9999 -9999 -9999 -9999 -9999 -9999 -9999 -9999 -9999 -9999 -9999 -9999
-9999 -9999 -9999 -9999 -9999 125 125 126 127 128 128 129 130 130 131 132 133 133 134 135 136 136 137 138 139 139 140 141 142 143 143 144 145 146 147 147 148 149 150 151 151 152 153 154 155 155 156 157 158 159 160 160 161 162 163 164 165 165 166 167 168 169 170 170 171 172 173 174 175 176 177 177 178 -9999 -9999 -9999 -9999 -9999 -9999 -9999 -9999 -9999 -9999 -9999 -9999 -9999 -9999 -9999
-9999 -9999 -9999 -9999 -9999 125 126 127 127 128 129 130 130 131 132 133 133 134 135 136 136 137 138 139 139 140 141 142 142 143 144 145 146 146 147 148 149 150 150 151 152 153 154 154 155 156 157 158 158 159 160 161 162 163 163 164 165 166 167 168 168 169 170 171 172 173 174 174 175 176 177 178 179 -9999 -9999 -9999 -9999 -9999 -9999 -9999 -9999 -9999 -9999 -9999 -9999 -9999 -9999 -9999
-9999 -9999 -9999 -9999 -9999 -9999 127 127 128 129 130 130 131 132 133 133 134 135 135 136 137 138 138 139 140 141 141 142 143 144 145 145 146 147 148 149 149 150 151 152 153 153 154 155 156 157 157 158 159 160 161 161 162 163 164 165 166 166 167 168 169 170 171 172 172 173 174 175 176 177 178 178 179 180 -9999 -9999 -9999 -9999 -9999 -9999 -9999 -9999 -9999 -9999 -9999 -9999 -9999 -9999
-9999 -9999 -9999 -9999 -9999 -9999 -9999 128 129 130 130 131 132 132 133 134 135 135 136 137 138 138 139 140 141 141 142 143 144 144 145 146 147 148 148 149 150 151 152 152 153 154 155 156 156 157 158 159 160 160 161 162 163 164 165 165 166 167 168 169 170 170 171 172 173 174 175 175 176 177 178 179 180 181 -9999 -9999 -9999 -9999 -9999 -9999 -9999 -9999 -9999 -9999 -9999 -9999 -9999 -9999
-9999 -9999 -9999 -9999 -9999 -9999 -9999 129 130 130 131 132 132 133 134 135 135 136 137 138 138 139 140 141 141 142 143 144 144 145 146 147 147 148 149 150 151 151 152 153 154 155 155 156 157 158 159 159 160 161 162 163 163 164 165 166 167 168 168 169 170 171 172 173 173 174 175 176 177 178 179 179 180 181 182 -9999 -9999 -9999 -9999 -9999 -9999 -9999 -9999 -9999 -9999 -9999 -9999 -9999
-9999 -9999 -9999 -9999 -9999 -9999 -9999 130 130 131 132 132 133 134 135 135 136 137 137 138 139 140 140 141 142 143 143 144 145 146 146 147 148 149 150 150 151 152 153 154 154 155 156 157 158 158 159 160 161 162 162 163 164 165 166 166 167 168 169 170 171 171 172 173 174 175 176 177 177 178 179 180 181 182 182 183 184 185 186 -9999 -9999 -9999 -9999 -9999 -9999 -9999 -9999 -9999
-9999 -9999 -9999 -9999 -9999 -9999 -9999 130 131 132 132 133 134 135 135 136 137 137 138 139 140 140 141 142 143 143 144 145 146 146 147 148 149 149 150 151 152 153 153 154 155 156 157 157 158 159 160 161 161 162 163 164 165 165 166 167 168 169 170 170 171 172 173 174 175 175 176 177 178 179 180 180 181 182 183 184 185 186 186 187 188 -9999 -9999 -9999 -9999 -9999 -9999 -9999
-9999 -9999 -9999 -9999 -9999 -9999 -9999 131 132 132 133 134 135 135 136 137 137 138 139 140 140 141 142 143 143 144 145 146 146 147 148 149 149 150 151 152 152 153 154 155 156 156 157 158 159 160 160 161 162 163 164 164 165 166 167 168 168 169 170 171 172 173 173 174 175 176 177 178 178 179 180 181 182 183 184 184 185 186 187 188 189 190 190 -9999 -9999 -9999 -9999 -9999
-9999 -9999 -9999 -9999 -9999 -9999 -9999 132 133 133 134 135 135 136 137 137 138 139 140 140 141 142 142 143 144 145 145 146 147 148 148 149 150 151 151 152 153 154 155 155 156 157 158 159 159 160 161 162 163 163 164 165 166 167 167 168 169 170 171 171 172 173 174 175 176 176 177 178 179 180 181 182 182 183 184 185 186 187 187 188 189 190 191 -9999 -9999 -9999 -9999 -9999
-9999 -9999 -9999 -9999 -9999 -9999 -9999 -9999 133 134 135 135 136 137 137 138 139 140 140 141 142 142 143 144 145 145 146 147 148 148 149 150 151 151 152 153 154 154 155 156 157 158 158 159 160 161 162 162 163 164 165 166 166 167 168 169 170 170 171 172 173 174 175 175 176 177 178 179 180 180 181 182 183 184 185 185 186 187 188 189 190 191 191 -9999 -9999 -9999 -9999 -9999
-9999 -9999 -9999 -9999 -9999 -9999 -9999 133 134 135 135 136 137 137 138 139 140 140 141 142 142 143 144 145 145 146 147 147 148 149 150 150 151 152 153 154 154 155 156 157 157 158 159 160 161 161 162 163 164 165 165 166 167 168 169 169 170 171 172 173 173 174 175 176 177 178 178 179 180 181 182 183 183 184 185 186 187 188 189 189 190 191 192 191 -9999 -9999 -9999 -9999
-9999 -9999 -9999 -9999 -9999 -9999 -9999 134 135 135 136 137 137 138 139 140 140 141 142 142 143 144 145 145 146 147 147 148 149 150 150 151 152 153 153 154 155 156 156 157 158 159 160 160 161 162 163 164 164 165 166 167 168 168 169 170 171 172 172 173 174 175 176 176 177 178 179 180 181 181 182 183 184 185 186 186 187 188 189 190 191 192 192 191 -9999 -9999 -9999 -9999
-9999 -9999 -9999 -9999 -9999 -9999 -9999 -9999 135 136 137 137 138 139 140 140 141 142 142 143 144 144 145 146 147 147 148 149 150 150 151 152 153 153 154 155 156 156 157 158 159 159 160 161 162 163 163 164 165 166 167 167 168 169 170 171 171 172 173 174 175 175 176 177 178 179 180 180 181 182 183 184 185 185 186 187 188 189 190 190 191 192 192 191 -9999 -9999 -9999 -9999
-9999 -9999 -9999 -9999 -9999 -9999 -9999 -9999 136 137 138 138 139 140 140 141 142 142 143 144 144 145 146 147 147 148 149 150 150 151 152 152 153 154 155 155 156 157 158 159 159 160 161 162 162 163 164 165 166 166 167 168 169 170 170 171 172 173 174 174 175 176 177 178 178 179 180 181 182 183 183 184 185 186 187 188 188 189 190 191 192 192 191 190 -9999 -9999 -9999 -9999
-9999 -9999 -9999 -9999 -9999 -9999 -9999 -9999 137 138 138 139 140 140 141 142 142 143 144 144 145 146 147 147 148 149 149 150 151 152 152 153 154 155 155 156 157 158 158 159 160 161 161 162 163 164 165 165 166 167 168 169 169 170 171 172 173 173 174 175 176 177 177 178 179 180 181 181 182 183 184 185 186 186 187 188 189 190 191 191 192 192 191 190 189 -9999 -9999 -9999
-9999 -9999 -9999 -9999 -9999 -9999 -9999 -9999 138 138 139 140 140 141 142 142 143 144 144 145 146 147 147 148 149 149 150 151 152 152 153 154 155 155 156 157 158 158 159 160 161 161 162 163 164 164 165 166 167 168 168 169 170 171 172 172 173 174 175 176 176 177 178 179 180 180 181 182 183 184 185 185 186 187 188 189 189 190 191 192 193 192 191 190 -9999 -9999 -9999 -9999
-9999 -9999 -9999 -9999 -9999 -9999 -9999 -9999 138 139 140 140 141 142 142 143 144 145 145 146 147 147 148 149 149 150 151 152 152 153 154 154 155 156 157 157 158 159 160 160 161 162 163 164 164 165 166 167 167 168 169 170 171 171 172 173 174 175 175 176 177 178 179 179 180 181 182 183 183 184 185 186 187 188 188 189 190 191 192 193 193 192 191 190 189 188 187 -9999
-9999 -9999 -9999 -9999 -9999 -9999 -9999 -9999 -9999 140 141 141 142 143 143 144 145 145 146 147 147 148 149 149 150 151 152 152 153 154 154 155 156 157 157 158 159 160 160 161 162 163 163 164 165 166 166 167 168 169 170 170 171 172 173 174 174 175 176 177 178 178 179 180 181 182 182 183 184 185 186 186 187 188 189 190 191 191 192 193 193 192 191 190 189 188 187 -9999
-9999 -9999 -9999 -9999 -9999 -9999 -9999 -9999 -9999 141 141 142 143 143 144 145 145 146 147 147 148 149 149 150 151 152 152 153 154 154 155 156 157 157 158 159 160 160 161 162 163 163 164 165 166 166 167 168 169 169 170 171 172 173 173 174 175 176 177 177 178 179 180 181 181 182 183 184 185 185 186 187 188 189 189 190 191 192 193 194 193 192 191 190 189 188 187 186
-9999 -9999 -9999 -9999 -9999 -9999 -9999 -9999 -9999 -9999 142 143 143 144 145 145 146 147 147 148 149 149 150 151 152 152 153 154 154 155 156 157 157 158 159 159 160 161 162 162 163 164 165 165 166 167 168 169 169 170 171 172 172 173 174 175 176 176 177 178 179 180 180 181 182 183 184 184 185 186 187 188 188 189 190 191 192 193 193 194 193 192 191 190 189 188 187 186
-9999 -9999 -9999 -9999 -9999 -9999 -9999 -9999 -9999 -9999 143 143 144 145 145 146 147 147 148 149 149 150 151 152 152 153 154 154 155 156 157 157 158 159 159 160 161 162 162 163 164 165 165 166 167 168 168 169 170 171 171 172 173 174 175 175 176 177 178 179 179 180 181 182 183 183 184 185 186 187 187 188 189 190 191 191 192 193 194 194 193 192 191 190 189 188 187 186
-9999 -9999 -9999 -9999 -9999 -9999 -9999 -9999 -9999 -9999 144 144 145 146 146 147 147 148 149 150 150 151 152 152 153 154 154 155 156 156 157 158 159 159 160 161 162 162 163 164 165 165 166 167 168 168 169 170 171 171 172 173 174 174 175 176 177 178 178 179 180 181 182 182 183 184 185 186 186 187 188 189 190 190 191 192 193 194 194 194 193 192 191 190 189 188 187 186
-9999 -9999 -9999 -9999 -9999 -9999 -9999 -9999 -9999 -9999 -9999 145 146 146 147 148 148 -9999 150 150 151 152 152 153 154 154 155 156 156 157 158 159 159 160 161 162 162 163 164 164 165 166 167 167 168 169 170 170 171 172 173 174 174 175 176 177 177 178 179 180 181 181 182 183 184 185 185 186 187 188 189 189 190 191 192 193 193 194 195 194 193 192 191 190 189 188 187 186
-9999 -9999 -9999 -9999 -9999 -9999 -9999 -9999 -9999 -9999 -9999 146 146 147 -9999 -9999 -9999 -9999 -9999 151 152 152 153 154 154 155 156 156 157 158 159 159 160 161 161 162 163 164 164 165 166 167 167 168 169 170 170 171 172 173 173 174 175 176 176 177 178 179 180 180 181 182 183 184 184 185 186 187 188 188 189 190 191 192 192 193 194 195 195 194 193 192 191 190 189 188 187 186
